#Data from the TCD1304 linear CCD
#column 1 = pixelnumber , column 2 = pixelvalue
#Pixel 1-32 and 3679-3694 and are dummy pixels
#SH-period: 200    ICG-period: 100000    Integration time: 100.0 us
1 1913
2 4087
3 4087
4 4095
5 4095
6 4095
7 4095
8 4095
9 4095
10 4095
11 4095
12 4095
13 4095
14 4095
15 4095
16 4095
17 4095
18 4095
19 4095
20 4095
21 4095
22 4095
23 4095
24 4095
25 4095
26 4095
27 4095
28 4095
29 4095
30 4095
31 4095
32 2615
33 1826
34 1843
35 1862
36 1852
37 1855
38 1855
39 1847
40 1849
41 1849
42 1849
43 1854
44 1853
45 1853
46 1851
47 1853
48 1865
49 1849
50 1850
51 1856
52 1845
53 1853
54 1855
55 1845
56 1850
57 1850
58 1861
59 1847
60 1847
61 1851
62 1850
63 1853
64 1844
65 1858
66 1849
67 1845
68 1853
69 1855
70 1850
71 1851
72 1852
73 1859
74 1853
75 1855
76 1855
77 1847
78 1869
79 1859
80 1855
81 1853
82 1861
83 1861
84 1853
85 1845
86 1849
87 1845
88 1847
89 1856
90 1852
91 1867
92 1851
93 1859
94 1857
95 1861
96 1851
97 1853
98 1855
99 1851
100 1855
101 1851
102 1855
103 1855
104 1855
105 1852
106 1844
107 1851
108 1848
109 1847
110 1861
111 1844
112 1851
113 1852
114 1856
115 1851
116 1846
117 1849
118 1849
119 1855
120 1855
121 1858
122 1865
123 1857
124 1853
125 1859
126 1849
127 1851
128 1847
129 1855
130 1849
131 1850
132 1859
133 1846
134 1855
135 1850
136 1853
137 1843
138 1859
139 1853
140 1845
141 1839
142 1854
143 1846
144 1843
145 1844
146 1846
147 1855
148 1849
149 1854
150 1845
151 1841
152 1852
153 1849
154 1845
155 1850
156 1856
157 1856
158 1851
159 1847
160 1845
161 1846
162 1843
163 1842
164 1852
165 1843
166 1843
167 1843
168 1839
169 1843
170 1849
171 1838
172 1843
173 1839
174 1842
175 1846
176 1841
177 1844
178 1835
179 1844
180 1842
181 1838
182 1834
183 1845
184 1841
185 1837
186 1838
187 1845
188 1841
189 1845
190 1854
191 1845
192 1835
193 1851
194 1841
195 1851
196 1836
197 1841
198 1848
199 1841
200 1844
201 1843
202 1842
203 1835
204 1848
205 1835
206 1839
207 1849
208 1837
209 1852
210 1837
211 1839
212 1836
213 1845
214 1839
215 1850
216 1847
217 1839
218 1846
219 1844
220 1841
221 1835
222 1839
223 1842
224 1845
225 1833
226 1832
227 1841
228 1840
229 1847
230 1834
231 1837
232 1839
233 1843
234 1846
235 1845
236 1837
237 1840
238 1837
239 1837
240 1838
241 1835
242 1839
243 1837
244 1848
245 1838
246 1841
247 1846
248 1846
249 1833
250 1835
251 1833
252 1835
253 1836
254 1843
255 1837
256 1837
257 1839
258 1838
259 1835
260 1838
261 1837
262 1845
263 1844
264 1844
265 1838
266 1841
267 1845
268 1837
269 1837
270 1841
271 1839
272 1839
273 1837
274 1837
275 1832
276 1837
277 1842
278 1839
279 1837
280 1830
281 1839
282 1838
283 1838
284 1840
285 1838
286 1833
287 1833
288 1837
289 1830
290 1836
291 1832
292 1838
293 1834
294 1833
295 1842
296 1838
297 1831
298 1840
299 1836
300 1837
301 1845
302 1835
303 1835
304 1842
305 1834
306 1842
307 1839
308 1837
309 1838
310 1837
311 1838
312 1843
313 1835
314 1825
315 1831
316 1833
317 1831
318 1832
319 1839
320 1833
321 1843
322 1830
323 1836
324 1836
325 1832
326 1830
327 1844
328 1835
329 1835
330 1831
331 1837
332 1829
333 1832
334 1832
335 1831
336 1833
337 1835
338 1835
339 1829
340 1829
341 1833
342 1836
343 1835
344 1844
345 1835
346 1837
347 1835
348 1835
349 1833
350 1839
351 1839
352 1837
353 1837
354 1833
355 1829
356 1829
357 1842
358 1829
359 1831
360 1830
361 1830
362 1829
363 1831
364 1837
365 1835
366 1834
367 1826
368 1832
369 1827
370 1829
371 1828
372 1831
373 1824
374 1829
375 1829
376 1832
377 1833
378 1828
379 1826
380 1827
381 1825
382 1829
383 1828
384 1839
385 1835
386 1832
387 1827
388 1831
389 1832
390 1833
391 1825
392 1837
393 1825
394 1827
395 1822
396 1825
397 1833
398 1827
399 1831
400 1832
401 1827
402 1828
403 1824
404 1829
405 1829
406 1833
407 1829
408 1831
409 1834
410 1828
411 1825
412 1825
413 1825
414 1827
415 1825
416 1830
417 1827
418 1827
419 1827
420 1823
421 1826
422 1825
423 1831
424 1821
425 1833
426 1821
427 1835
428 1819
429 1824
430 1831
431 1835
432 1824
433 1830
434 1823
435 1831
436 1824
437 1824
438 1827
439 1824
440 1821
441 1821
442 1824
443 1820
444 1824
445 1824
446 1823
447 1826
448 1829
449 1823
450 1824
451 1823
452 1821
453 1825
454 1830
455 1824
456 1832
457 1825
458 1826
459 1827
460 1824
461 1830
462 1826
463 1827
464 1823
465 1827
466 1824
467 1822
468 1824
469 1827
470 1825
471 1823
472 1826
473 1822
474 1826
475 1824
476 1825
477 1822
478 1833
479 1826
480 1832
481 1826
482 1826
483 1827
484 1822
485 1826
486 1821
487 1827
488 1825
489 1821
490 1825
491 1821
492 1826
493 1819
494 1829
495 1824
496 1828
497 1829
498 1829
499 1827
500 1825
501 1825
502 1826
503 1828
504 1825
505 1829
506 1825
507 1832
508 1829
509 1835
510 1831
511 1827
512 1831
513 1823
514 1828
515 1827
516 1828
517 1828
518 1825
519 1822
520 1826
521 1829
522 1831
523 1822
524 1832
525 1826
526 1831
527 1835
528 1835
529 1830
530 1829
531 1828
532 1833
533 1829
534 1833
535 1829
536 1828
537 1832
538 1827
539 1824
540 1826
541 1824
542 1829
543 1833
544 1830
545 1827
546 1829
547 1827
548 1821
549 1831
550 1820
551 1825
552 1815
553 1825
554 1819
555 1824
556 1819
557 1821
558 1827
559 1824
560 1829
561 1825
562 1827
563 1823
564 1837
565 1827
566 1822
567 1823
568 1821
569 1827
570 1828
571 1829
572 1831
573 1829
574 1829
575 1829
576 1832
577 1829
578 1832
579 1830
580 1825
581 1829
582 1825
583 1829
584 1827
585 1826
586 1829
587 1831
588 1829
589 1830
590 1823
591 1830
592 1824
593 1829
594 1821
595 1827
596 1826
597 1822
598 1821
599 1823
600 1825
601 1824
602 1826
603 1825
604 1826
605 1825
606 1829
607 1823
608 1824
609 1825
610 1825
611 1824
612 1821
613 1821
614 1817
615 1824
616 1819
617 1823
618 1828
619 1819
620 1827
621 1826
622 1828
623 1819
624 1825
625 1822
626 1824
627 1819
628 1821
629 1825
630 1825
631 1825
632 1824
633 1823
634 1827
635 1824
636 1828
637 1826
638 1829
639 1817
640 1833
641 1823
642 1824
643 1824
644 1826
645 1825
646 1826
647 1825
648 1825
649 1824
650 1826
651 1825
652 1828
653 1823
654 1829
655 1827
656 1833
657 1828
658 1831
659 1825
660 1825
661 1826
662 1827
663 1827
664 1829
665 1823
666 1829
667 1825
668 1825
669 1832
670 1828
671 1835
672 1829
673 1831
674 1827
675 1832
676 1827
677 1835
678 1827
679 1831
680 1828
681 1830
682 1823
683 1831
684 1823
685 1828
686 1825
687 1823
688 1822
689 1818
690 1821
691 1824
692 1820
693 1823
694 1819
695 1818
696 1821
697 1817
698 1816
699 1815
700 1824
701 1821
702 1817
703 1819
704 1817
705 1819
706 1813
707 1817
708 1817
709 1818
710 1821
711 1820
712 1819
713 1818
714 1817
715 1824
716 1819
717 1823
718 1821
719 1822
720 1822
721 1827
722 1830
723 1824
724 1823
725 1829
726 1824
727 1822
728 1823
729 1825
730 1824
731 1819
732 1825
733 1819
734 1821
735 1819
736 1818
737 1825
738 1820
739 1819
740 1824
741 1819
742 1827
743 1825
744 1827
745 1825
746 1824
747 1821
748 1826
749 1823
750 1832
751 1828
752 1823
753 1819
754 1823
755 1827
756 1821
757 1824
758 1824
759 1828
760 1821
761 1827
762 1824
763 1829
764 1827
765 1829
766 1829
767 1832
768 1824
769 1831
770 1828
771 1827
772 1827
773 1829
774 1832
775 1824
776 1826
777 1827
778 1829
779 1827
780 1825
781 1830
782 1825
783 1821
784 1827
785 1823
786 1827
787 1825
788 1826
789 1829
790 1821
791 1823
792 1825
793 1828
794 1827
795 1829
796 1831
797 1829
798 1827
799 1832
800 1832
801 1835
802 1831
803 1833
804 1828
805 1829
806 1825
807 1826
808 1829
809 1827
810 1833
811 1829
812 1833
813 1824
814 1826
815 1828
816 1825
817 1829
818 1830
819 1826
820 1827
821 1824
822 1823
823 1825
824 1822
825 1821
826 1827
827 1820
828 1824
829 1819
830 1822
831 1821
832 1824
833 1822
834 1827
835 1826
836 1823
837 1821
838 1825
839 1815
840 1821
841 1817
842 1820
843 1818
844 1821
845 1821
846 1821
847 1817
848 1822
849 1822
850 1821
851 1825
852 1820
853 1823
854 1822
855 1827
856 1819
857 1820
858 1819
859 1822
860 1821
861 1818
862 1825
863 1819
864 1821
865 1821
866 1816
867 1819
868 1815
869 1813
870 1815
871 1815
872 1821
873 1815
874 1821
875 1815
876 1821
877 1812
878 1817
879 1816
880 1815
881 1811
882 1817
883 1817
884 1819
885 1815
886 1821
887 1813
888 1819
889 1815
890 1820
891 1815
892 1819
893 1817
894 1825
895 1817
896 1817
897 1817
898 1819
899 1815
900 1817
901 1820
902 1817
903 1818
904 1812
905 1816
906 1813
907 1815
908 1813
909 1812
910 1813
911 1812
912 1812
913 1810
914 1808
915 1809
916 1812
917 1812
918 1816
919 1809
920 1818
921 1811
922 1813
923 1810
924 1811
925 1815
926 1809
927 1813
928 1809
929 1815
930 1814
931 1816
932 1811
933 1817
934 1811
935 1816
936 1813
937 1815
938 1815
939 1816
940 1815
941 1813
942 1811
943 1810
944 1807
945 1810
946 1809
947 1809
948 1806
949 1804
950 1808
951 1813
952 1808
953 1813
954 1810
955 1816
956 1815
957 1817
958 1818
959 1817
960 1817
961 1815
962 1818
963 1813
964 1820
965 1818
966 1819
967 1819
968 1817
969 1822
970 1820
971 1820
972 1819
973 1819
974 1817
975 1819
976 1820
977 1817
978 1822
979 1819
980 1821
981 1816
982 1817
983 1816
984 1819
985 1819
986 1820
987 1821
988 1817
989 1817
990 1814
991 1817
992 1813
993 1816
994 1811
995 1813
996 1812
997 1811
998 1812
999 1807
1000 1809
1001 1809
1002 1805
1003 1804
1004 1803
1005 1804
1006 1807
1007 1806
1008 1806
1009 1805
1010 1805
1011 1808
1012 1806
1013 1807
1014 1803
1015 1809
1016 1801
1017 1811
1018 1805
1019 1812
1020 1805
1021 1813
1022 1806
1023 1811
1024 1808
1025 1812
1026 1810
1027 1810
1028 1813
1029 1806
1030 1813
1031 1805
1032 1815
1033 1809
1034 1810
1035 1810
1036 1809
1037 1812
1038 1814
1039 1813
1040 1812
1041 1816
1042 1813
1043 1813
1044 1815
1045 1811
1046 1813
1047 1817
1048 1811
1049 1813
1050 1809
1051 1819
1052 1807
1053 1813
1054 1811
1055 1812
1056 1810
1057 1810
1058 1813
1059 1815
1060 1813
1061 1813
1062 1816
1063 1812
1064 1815
1065 1813
1066 1813
1067 1809
1068 1811
1069 1811
1070 1809
1071 1810
1072 1807
1073 1811
1074 1805
1075 1811
1076 1810
1077 1808
1078 1809
1079 1807
1080 1808
1081 1808
1082 1807
1083 1805
1084 1805
1085 1808
1086 1805
1087 1805
1088 1804
1089 1803
1090 1807
1091 1802
1092 1809
1093 1801
1094 1805
1095 1803
1096 1809
1097 1801
1098 1805
1099 1800
1100 1805
1101 1806
1102 1802
1103 1805
1104 1804
1105 1807
1106 1805
1107 1808
1108 1802
1109 1803
1110 1806
1111 1805
1112 1808
1113 1805
1114 1806
1115 1806
1116 1807
1117 1801
1118 1811
1119 1802
1120 1807
1121 1803
1122 1806
1123 1803
1124 1804
1125 1805
1126 1806
1127 1805
1128 1803
1129 1807
1130 1805
1131 1806
1132 1803
1133 1807
1134 1803
1135 1806
1136 1801
1137 1808
1138 1803
1139 1802
1140 1805
1141 1804
1142 1806
1143 1805
1144 1803
1145 1807
1146 1804
1147 1807
1148 1808
1149 1805
1150 1804
1151 1807
1152 1803
1153 1803
1154 1800
1155 1802
1156 1803
1157 1801
1158 1800
1159 1801
1160 1803
1161 1800
1162 1801
1163 1802
1164 1803
1165 1798
1166 1801
1167 1807
1168 1801
1169 1803
1170 1803
1171 1805
1172 1802
1173 1801
1174 1801
1175 1801
1176 1805
1177 1799
1178 1805
1179 1799
1180 1807
1181 1800
1182 1808
1183 1801
1184 1808
1185 1801
1186 1807
1187 1803
1188 1806
1189 1803
1190 1805
1191 1804
1192 1803
1193 1802
1194 1801
1195 1802
1196 1801
1197 1803
1198 1803
1199 1801
1200 1805
1201 1807
1202 1801
1203 1806
1204 1808
1205 1809
1206 1810
1207 1813
1208 1808
1209 1809
1210 1810
1211 1809
1212 1812
1213 1812
1214 1812
1215 1811
1216 1813
1217 1809
1218 1813
1219 1809
1220 1811
1221 1810
1222 1813
1223 1809
1224 1810
1225 1809
1226 1812
1227 1808
1228 1807
1229 1806
1230 1808
1231 1807
1232 1805
1233 1809
1234 1807
1235 1809
1236 1809
1237 1811
1238 1807
1239 1809
1240 1807
1241 1810
1242 1804
1243 1807
1244 1803
1245 1810
1246 1805
1247 1808
1248 1805
1249 1801
1250 1805
1251 1805
1252 1803
1253 1799
1254 1801
1255 1804
1256 1801
1257 1799
1258 1803
1259 1804
1260 1801
1261 1799
1262 1802
1263 1803
1264 1804
1265 1802
1266 1807
1267 1803
1268 1805
1269 1804
1270 1806
1271 1803
1272 1805
1273 1806
1274 1807
1275 1809
1276 1805
1277 1809
1278 1808
1279 1805
1280 1805
1281 1807
1282 1809
1283 1804
1284 1808
1285 1805
1286 1809
1287 1805
1288 1810
1289 1803
1290 1805
1291 1802
1292 1805
1293 1807
1294 1803
1295 1805
1296 1808
1297 1807
1298 1804
1299 1802
1300 1805
1301 1804
1302 1804
1303 1802
1304 1802
1305 1801
1306 1801
1307 1797
1308 1802
1309 1799
1310 1801
1311 1799
1312 1801
1313 1799
1314 1802
1315 1801
1316 1801
1317 1799
1318 1801
1319 1803
1320 1800
1321 1799
1322 1800
1323 1797
1324 1798
1325 1799
1326 1805
1327 1799
1328 1801
1329 1801
1330 1801
1331 1803
1332 1801
1333 1803
1334 1804
1335 1806
1336 1803
1337 1805
1338 1802
1339 1803
1340 1802
1341 1803
1342 1802
1343 1801
1344 1804
1345 1801
1346 1805
1347 1800
1348 1805
1349 1801
1350 1804
1351 1802
1352 1803
1353 1806
1354 1802
1355 1804
1356 1802
1357 1806
1358 1803
1359 1803
1360 1804
1361 1801
1362 1803
1363 1801
1364 1802
1365 1803
1366 1803
1367 1801
1368 1803
1369 1803
1370 1805
1371 1803
1372 1803
1373 1803
1374 1802
1375 1805
1376 1805
1377 1805
1378 1805
1379 1805
1380 1803
1381 1804
1382 1805
1383 1803
1384 1808
1385 1804
1386 1807
1387 1808
1388 1801
1389 1805
1390 1803
1391 1801
1392 1801
1393 1801
1394 1804
1395 1803
1396 1802
1397 1801
1398 1801
1399 1802
1400 1802
1401 1803
1402 1801
1403 1802
1404 1801
1405 1805
1406 1799
1407 1800
1408 1805
1409 1801
1410 1801
1411 1799
1412 1800
1413 1799
1414 1795
1415 1800
1416 1797
1417 1799
1418 1797
1419 1800
1420 1801
1421 1799
1422 1797
1423 1797
1424 1796
1425 1795
1426 1794
1427 1794
1428 1795
1429 1797
1430 1794
1431 1797
1432 1796
1433 1795
1434 1797
1435 1795
1436 1799
1437 1796
1438 1798
1439 1795
1440 1796
1441 1795
1442 1797
1443 1796
1444 1792
1445 1796
1446 1797
1447 1797
1448 1791
1449 1795
1450 1794
1451 1797
1452 1790
1453 1797
1454 1793
1455 1799
1456 1791
1457 1800
1458 1794
1459 1799
1460 1797
1461 1801
1462 1798
1463 1799
1464 1801
1465 1799
1466 1799
1467 1797
1468 1802
1469 1796
1470 1801
1471 1797
1472 1799
1473 1797
1474 1797
1475 1800
1476 1800
1477 1801
1478 1799
1479 1803
1480 1799
1481 1800
1482 1798
1483 1801
1484 1798
1485 1799
1486 1797
1487 1800
1488 1797
1489 1798
1490 1795
1491 1797
1492 1797
1493 1798
1494 1796
1495 1799
1496 1799
1497 1798
1498 1796
1499 1797
1500 1797
1501 1798
1502 1797
1503 1795
1504 1801
1505 1793
1506 1801
1507 1794
1508 1799
1509 1797
1510 1796
1511 1798
1512 1795
1513 1797
1514 1795
1515 1797
1516 1798
1517 1801
1518 1798
1519 1797
1520 1803
1521 1798
1522 1801
1523 1798
1524 1804
1525 1798
1526 1802
1527 1801
1528 1800
1529 1801
1530 1798
1531 1801
1532 1801
1533 1800
1534 1800
1535 1801
1536 1799
1537 1799
1538 1799
1539 1798
1540 1798
1541 1799
1542 1797
1543 1798
1544 1797
1545 1799
1546 1798
1547 1799
1548 1800
1549 1798
1550 1803
1551 1802
1552 1802
1553 1797
1554 1802
1555 1796
1556 1797
1557 1796
1558 1798
1559 1797
1560 1797
1561 1797
1562 1800
1563 1797
1564 1793
1565 1796
1566 1794
1567 1797
1568 1791
1569 1796
1570 1794
1571 1795
1572 1795
1573 1797
1574 1791
1575 1795
1576 1793
1577 1793
1578 1794
1579 1796
1580 1797
1581 1797
1582 1797
1583 1797
1584 1801
1585 1800
1586 1797
1587 1795
1588 1799
1589 1797
1590 1797
1591 1796
1592 1797
1593 1797
1594 1798
1595 1798
1596 1796
1597 1797
1598 1796
1599 1798
1600 1795
1601 1801
1602 1795
1603 1801
1604 1797
1605 1799
1606 1796
1607 1799
1608 1798
1609 1795
1610 1799
1611 1795
1612 1798
1613 1796
1614 1799
1615 1797
1616 1798
1617 1796
1618 1803
1619 1794
1620 1799
1621 1799
1622 1802
1623 1799
1624 1802
1625 1800
1626 1800
1627 1798
1628 1803
1629 1802
1630 1802
1631 1797
1632 1801
1633 1798
1634 1801
1635 1801
1636 1799
1637 1800
1638 1799
1639 1800
1640 1800
1641 1799
1642 1799
1643 1800
1644 1799
1645 1803
1646 1800
1647 1803
1648 1800
1649 1802
1650 1800
1651 1802
1652 1797
1653 1798
1654 1795
1655 1798
1656 1796
1657 1793
1658 1790
1659 1796
1660 1793
1661 1792
1662 1791
1663 1793
1664 1791
1665 1791
1666 1791
1667 1791
1668 1791
1669 1794
1670 1793
1671 1793
1672 1793
1673 1793
1674 1793
1675 1794
1676 1793
1677 1793
1678 1794
1679 1791
1680 1793
1681 1792
1682 1794
1683 1789
1684 1793
1685 1793
1686 1791
1687 1790
1688 1790
1689 1791
1690 1791
1691 1791
1692 1790
1693 1791
1694 1793
1695 1796
1696 1791
1697 1793
1698 1791
1699 1795
1700 1795
1701 1797
1702 1791
1703 1793
1704 1791
1705 1793
1706 1791
1707 1793
1708 1791
1709 1792
1710 1791
1711 1794
1712 1795
1713 1792
1714 1791
1715 1793
1716 1795
1717 1795
1718 1793
1719 1795
1720 1793
1721 1795
1722 1795
1723 1795
1724 1792
1725 1794
1726 1793
1727 1791
1728 1793
1729 1791
1730 1792
1731 1791
1732 1792
1733 1792
1734 1793
1735 1793
1736 1793
1737 1796
1738 1793
1739 1791
1740 1794
1741 1794
1742 1794
1743 1791
1744 1792
1745 1793
1746 1794
1747 1791
1748 1794
1749 1789
1750 1794
1751 1793
1752 1794
1753 1791
1754 1791
1755 1791
1756 1796
1757 1791
1758 1793
1759 1792
1760 1796
1761 1791
1762 1797
1763 1791
1764 1795
1765 1791
1766 1793
1767 1791
1768 1795
1769 1791
1770 1792
1771 1789
1772 1793
1773 1792
1774 1791
1775 1795
1776 1789
1777 1791
1778 1789
1779 1791
1780 1788
1781 1789
1782 1787
1783 1792
1784 1788
1785 1789
1786 1789
1787 1789
1788 1787
1789 1789
1790 1790
1791 1789
1792 1785
1793 1786
1794 1788
1795 1785
1796 1787
1797 1787
1798 1788
1799 1787
1800 1787
1801 1790
1802 1787
1803 1787
1804 1788
1805 1791
1806 1786
1807 1789
1808 1788
1809 1787
1810 1789
1811 1787
1812 1789
1813 1787
1814 1785
1815 1789
1816 1788
1817 1789
1818 1791
1819 1789
1820 1789
1821 1791
1822 1790
1823 1785
1824 1791
1825 1789
1826 1790
1827 1787
1828 1789
1829 1785
1830 1788
1831 1785
1832 1787
1833 1782
1834 1785
1835 1781
1836 1786
1837 1781
1838 1785
1839 1785
1840 1787
1841 1784
1842 1786
1843 1786
1844 1786
1845 1785
1846 1789
1847 1785
1848 1787
1849 1785
1850 1789
1851 1787
1852 1788
1853 1786
1854 1791
1855 1787
1856 1788
1857 1787
1858 1790
1859 1791
1860 1789
1861 1791
1862 1789
1863 1789
1864 1786
1865 1789
1866 1790
1867 1789
1868 1790
1869 1790
1870 1791
1871 1788
1872 1791
1873 1791
1874 1791
1875 1788
1876 1789
1877 1789
1878 1790
1879 1787
1880 1789
1881 1788
1882 1789
1883 1785
1884 1787
1885 1783
1886 1786
1887 1784
1888 1789
1889 1784
1890 1786
1891 1783
1892 1784
1893 1784
1894 1783
1895 1785
1896 1783
1897 1783
1898 1784
1899 1783
1900 1784
1901 1785
1902 1783
1903 1785
1904 1785
1905 1782
1906 1784
1907 1782
1908 1783
1909 1782
1910 1783
1911 1783
1912 1787
1913 1784
1914 1785
1915 1784
1916 1786
1917 1784
1918 1784
1919 1786
1920 1783
1921 1785
1922 1787
1923 1787
1924 1785
1925 1787
1926 1785
1927 1783
1928 1785
1929 1787
1930 1786
1931 1784
1932 1787
1933 1785
1934 1784
1935 1783
1936 1786
1937 1787
1938 1785
1939 1783
1940 1788
1941 1782
1942 1783
1943 1781
1944 1783
1945 1778
1946 1780
1947 1779
1948 1780
1949 1779
1950 1780
1951 1781
1952 1779
1953 1781
1954 1779
1955 1780
1956 1779
1957 1779
1958 1779
1959 1780
1960 1777
1961 1779
1962 1780
1963 1780
1964 1781
1965 1779
1966 1780
1967 1781
1968 1781
1969 1779
1970 1783
1971 1779
1972 1781
1973 1779
1974 1781
1975 1781
1976 1779
1977 1779
1978 1779
1979 1781
1980 1779
1981 1782
1982 1779
1983 1781
1984 1779
1985 1783
1986 1780
1987 1778
1988 1779
1989 1784
1990 1778
1991 1781
1992 1780
1993 1780
1994 1780
1995 1781
1996 1784
1997 1780
1998 1781
1999 1780
2000 1786
2001 1784
2002 1785
2003 1785
2004 1786
2005 1785
2006 1788
2007 1789
2008 1790
2009 1787
2010 1789
2011 1788
2012 1790
2013 1789
2014 1792
2015 1790
2016 1791
2017 1791
2018 1792
2019 1793
2020 1791
2021 1791
2022 1791
2023 1789
2024 1789
2025 1789
2026 1793
2027 1788
2028 1791
2029 1787
2030 1795
2031 1787
2032 1791
2033 1789
2034 1795
2035 1790
2036 1795
2037 1789
2038 1795
2039 1789
2040 1794
2041 1791
2042 1795
2043 1790
2044 1791
2045 1790
2046 1791
2047 1789
2048 1791
2049 1791
2050 1786
2051 1791
2052 1787
2053 1785
2054 1783
2055 1785
2056 1784
2057 1782
2058 1781
2059 1780
2060 1779
2061 1779
2062 1783
2063 1782
2064 1780
2065 1779
2066 1781
2067 1781
2068 1781
2069 1779
2070 1780
2071 1782
2072 1781
2073 1779
2074 1779
2075 1781
2076 1779
2077 1781
2078 1779
2079 1782
2080 1781
2081 1781
2082 1783
2083 1783
2084 1783
2085 1784
2086 1780
2087 1785
2088 1783
2089 1785
2090 1782
2091 1783
2092 1781
2093 1783
2094 1783
2095 1783
2096 1783
2097 1785
2098 1785
2099 1784
2100 1785
2101 1784
2102 1784
2103 1785
2104 1786
2105 1787
2106 1783
2107 1785
2108 1785
2109 1788
2110 1785
2111 1783
2112 1787
2113 1788
2114 1783
2115 1784
2116 1784
2117 1783
2118 1786
2119 1787
2120 1785
2121 1786
2122 1781
2123 1787
2124 1785
2125 1786
2126 1785
2127 1785
2128 1784
2129 1785
2130 1787
2131 1785
2132 1785
2133 1783
2134 1785
2135 1783
2136 1781
2137 1783
2138 1783
2139 1781
2140 1782
2141 1781
2142 1779
2143 1782
2144 1780
2145 1781
2146 1779
2147 1783
2148 1780
2149 1781
2150 1779
2151 1781
2152 1780
2153 1781
2154 1781
2155 1779
2156 1781
2157 1782
2158 1782
2159 1780
2160 1781
2161 1783
2162 1781
2163 1782
2164 1784
2165 1783
2166 1781
2167 1783
2168 1785
2169 1785
2170 1781
2171 1783
2172 1782
2173 1782
2174 1783
2175 1783
2176 1784
2177 1782
2178 1783
2179 1783
2180 1782
2181 1783
2182 1785
2183 1784
2184 1784
2185 1783
2186 1784
2187 1785
2188 1786
2189 1786
2190 1789
2191 1783
2192 1787
2193 1787
2194 1785
2195 1785
2196 1785
2197 1785
2198 1785
2199 1784
2200 1784
2201 1789
2202 1783
2203 1783
2204 1783
2205 1783
2206 1785
2207 1784
2208 1783
2209 1783
2210 1784
2211 1783
2212 1786
2213 1784
2214 1781
2215 1783
2216 1783
2217 1784
2218 1780
2219 1781
2220 1783
2221 1782
2222 1780
2223 1781
2224 1782
2225 1781
2226 1783
2227 1782
2228 1783
2229 1781
2230 1781
2231 1781
2232 1779
2233 1781
2234 1779
2235 1782
2236 1781
2237 1780
2238 1778
2239 1779
2240 1778
2241 1779
2242 1780
2243 1778
2244 1778
2245 1777
2246 1780
2247 1778
2248 1780
2249 1776
2250 1782
2251 1779
2252 1780
2253 1777
2254 1782
2255 1780
2256 1782
2257 1782
2258 1784
2259 1779
2260 1781
2261 1780
2262 1781
2263 1779
2264 1781
2265 1781
2266 1782
2267 1778
2268 1782
2269 1781
2270 1781
2271 1781
2272 1783
2273 1778
2274 1782
2275 1781
2276 1783
2277 1778
2278 1780
2279 1778
2280 1779
2281 1778
2282 1780
2283 1779
2284 1779
2285 1777
2286 1780
2287 1778
2288 1780
2289 1777
2290 1782
2291 1778
2292 1781
2293 1776
2294 1781
2295 1780
2296 1785
2297 1779
2298 1783
2299 1777
2300 1783
2301 1781
2302 1783
2303 1781
2304 1783
2305 1781
2306 1783
2307 1779
2308 1782
2309 1781
2310 1783
2311 1780
2312 1783
2313 1780
2314 1781
2315 1780
2316 1781
2317 1783
2318 1782
2319 1782
2320 1783
2321 1783
2322 1781
2323 1783
2324 1781
2325 1786
2326 1781
2327 1783
2328 1781
2329 1785
2330 1780
2331 1781
2332 1781
2333 1782
2334 1779
2335 1779
2336 1779
2337 1783
2338 1777
2339 1779
2340 1777
2341 1781
2342 1778
2343 1781
2344 1779
2345 1781
2346 1779
2347 1781
2348 1779
2349 1779
2350 1780
2351 1781
2352 1781
2353 1778
2354 1780
2355 1781
2356 1781
2357 1778
2358 1777
2359 1779
2360 1777
2361 1778
2362 1779
2363 1780
2364 1779
2365 1777
2366 1779
2367 1778
2368 1777
2369 1779
2370 1779
2371 1780
2372 1777
2373 1779
2374 1781
2375 1780
2376 1779
2377 1778
2378 1782
2379 1777
2380 1780
2381 1780
2382 1779
2383 1778
2384 1779
2385 1781
2386 1776
2387 1781
2388 1779
2389 1780
2390 1777
2391 1781
2392 1777
2393 1780
2394 1776
2395 1779
2396 1778
2397 1777
2398 1775
2399 1778
2400 1781
2401 1779
2402 1777
2403 1776
2404 1779
2405 1777
2406 1779
2407 1775
2408 1778
2409 1777
2410 1779
2411 1779
2412 1781
2413 1776
2414 1778
2415 1777
2416 1780
2417 1774
2418 1779
2419 1777
2420 1777
2421 1772
2422 1779
2423 1778
2424 1779
2425 1777
2426 1782
2427 1778
2428 1780
2429 1779
2430 1781
2431 1777
2432 1778
2433 1775
2434 1781
2435 1776
2436 1779
2437 1778
2438 1779
2439 1776
2440 1779
2441 1776
2442 1778
2443 1775
2444 1779
2445 1776
2446 1779
2447 1775
2448 1780
2449 1775
2450 1779
2451 1777
2452 1779
2453 1777
2454 1778
2455 1780
2456 1782
2457 1779
2458 1780
2459 1777
2460 1781
2461 1779
2462 1779
2463 1778
2464 1778
2465 1775
2466 1778
2467 1778
2468 1777
2469 1777
2470 1776
2471 1777
2472 1777
2473 1779
2474 1777
2475 1780
2476 1777
2477 1779
2478 1779
2479 1779
2480 1775
2481 1779
2482 1777
2483 1779
2484 1775
2485 1779
2486 1779
2487 1779
2488 1777
2489 1779
2490 1777
2491 1777
2492 1777
2493 1775
2494 1778
2495 1775
2496 1774
2497 1779
2498 1777
2499 1774
2500 1777
2501 1775
2502 1775
2503 1775
2504 1776
2505 1776
2506 1776
2507 1775
2508 1776
2509 1776
2510 1777
2511 1777
2512 1779
2513 1777
2514 1778
2515 1776
2516 1778
2517 1776
2518 1777
2519 1779
2520 1779
2521 1777
2522 1778
2523 1777
2524 1778
2525 1777
2526 1779
2527 1779
2528 1778
2529 1777
2530 1779
2531 1781
2532 1777
2533 1777
2534 1779
2535 1779
2536 1778
2537 1778
2538 1777
2539 1776
2540 1779
2541 1777
2542 1779
2543 1778
2544 1777
2545 1777
2546 1780
2547 1777
2548 1777
2549 1777
2550 1779
2551 1780
2552 1777
2553 1776
2554 1778
2555 1777
2556 1778
2557 1775
2558 1777
2559 1775
2560 1777
2561 1781
2562 1777
2563 1777
2564 1775
2565 1779
2566 1778
2567 1778
2568 1775
2569 1779
2570 1777
2571 1778
2572 1779
2573 1779
2574 1776
2575 1778
2576 1777
2577 1780
2578 1779
2579 1778
2580 1779
2581 1779
2582 1779
2583 1779
2584 1781
2585 1778
2586 1777
2587 1778
2588 1779
2589 1776
2590 1779
2591 1777
2592 1781
2593 1779
2594 1781
2595 1777
2596 1781
2597 1779
2598 1779
2599 1782
2600 1781
2601 1781
2602 1777
2603 1779
2604 1779
2605 1780
2606 1778
2607 1777
2608 1779
2609 1780
2610 1780
2611 1779
2612 1777
2613 1778
2614 1779
2615 1781
2616 1778
2617 1779
2618 1778
2619 1779
2620 1779
2621 1780
2622 1781
2623 1780
2624 1777
2625 1780
2626 1779
2627 1778
2628 1778
2629 1779
2630 1779
2631 1780
2632 1777
2633 1779
2634 1780
2635 1777
2636 1779
2637 1781
2638 1778
2639 1777
2640 1779
2641 1777
2642 1778
2643 1778
2644 1779
2645 1777
2646 1779
2647 1778
2648 1780
2649 1779
2650 1777
2651 1780
2652 1775
2653 1779
2654 1777
2655 1779
2656 1775
2657 1778
2658 1778
2659 1778
2660 1777
2661 1777
2662 1780
2663 1780
2664 1780
2665 1781
2666 1781
2667 1780
2668 1783
2669 1778
2670 1781
2671 1779
2672 1779
2673 1779
2674 1781
2675 1779
2676 1780
2677 1779
2678 1781
2679 1778
2680 1778
2681 1779
2682 1779
2683 1777
2684 1778
2685 1777
2686 1777
2687 1777
2688 1778
2689 1779
2690 1777
2691 1777
2692 1778
2693 1782
2694 1780
2695 1779
2696 1779
2697 1782
2698 1779
2699 1780
2700 1783
2701 1782
2702 1778
2703 1780
2704 1779
2705 1778
2706 1779
2707 1778
2708 1777
2709 1779
2710 1779
2711 1778
2712 1781
2713 1777
2714 1777
2715 1779
2716 1779
2717 1779
2718 1780
2719 1778
2720 1778
2721 1777
2722 1777
2723 1780
2724 1777
2725 1779
2726 1779
2727 1778
2728 1779
2729 1776
2730 1779
2731 1778
2732 1777
2733 1777
2734 1777
2735 1778
2736 1775
2737 1780
2738 1776
2739 1779
2740 1775
2741 1778
2742 1773
2743 1778
2744 1775
2745 1778
2746 1776
2747 1779
2748 1777
2749 1779
2750 1778
2751 1779
2752 1776
2753 1779
2754 1779
2755 1778
2756 1779
2757 1779
2758 1777
2759 1778
2760 1779
2761 1780
2762 1777
2763 1779
2764 1776
2765 1779
2766 1779
2767 1778
2768 1779
2769 1779
2770 1779
2771 1777
2772 1777
2773 1780
2774 1776
2775 1779
2776 1779
2777 1778
2778 1777
2779 1779
2780 1779
2781 1777
2782 1778
2783 1779
2784 1778
2785 1776
2786 1779
2787 1779
2788 1779
2789 1779
2790 1777
2791 1781
2792 1776
2793 1777
2794 1779
2795 1777
2796 1776
2797 1778
2798 1777
2799 1777
2800 1777
2801 1777
2802 1775
2803 1775
2804 1775
2805 1781
2806 1774
2807 1777
2808 1775
2809 1779
2810 1778
2811 1778
2812 1778
2813 1778
2814 1777
2815 1777
2816 1777
2817 1778
2818 1779
2819 1779
2820 1779
2821 1776
2822 1778
2823 1778
2824 1778
2825 1779
2826 1778
2827 1778
2828 1779
2829 1776
2830 1777
2831 1777
2832 1779
2833 1777
2834 1777
2835 1777
2836 1779
2837 1778
2838 1777
2839 1777
2840 1780
2841 1777
2842 1779
2843 1778
2844 1780
2845 1775
2846 1778
2847 1777
2848 1779
2849 1776
2850 1777
2851 1779
2852 1777
2853 1778
2854 1777
2855 1777
2856 1777
2857 1780
2858 1777
2859 1777
2860 1775
2861 1780
2862 1779
2863 1777
2864 1779
2865 1778
2866 1775
2867 1778
2868 1778
2869 1779
2870 1777
2871 1777
2872 1780
2873 1777
2874 1776
2875 1780
2876 1781
2877 1778
2878 1777
2879 1778
2880 1778
2881 1777
2882 1777
2883 1781
2884 1777
2885 1777
2886 1777
2887 1779
2888 1779
2889 1779
2890 1779
2891 1779
2892 1779
2893 1779
2894 1780
2895 1779
2896 1778
2897 1778
2898 1779
2899 1778
2900 1778
2901 1778
2902 1780
2903 1779
2904 1777
2905 1775
2906 1779
2907 1777
2908 1779
2909 1778
2910 1779
2911 1779
2912 1780
2913 1777
2914 1780
2915 1777
2916 1780
2917 1779
2918 1778
2919 1775
2920 1780
2921 1775
2922 1779
2923 1777
2924 1779
2925 1777
2926 1778
2927 1776
2928 1778
2929 1774
2930 1779
2931 1777
2932 1778
2933 1776
2934 1776
2935 1779
2936 1775
2937 1777
2938 1776
2939 1780
2940 1777
2941 1778
2942 1777
2943 1779
2944 1782
2945 1777
2946 1777
2947 1781
2948 1778
2949 1775
2950 1780
2951 1777
2952 1776
2953 1778
2954 1778
2955 1781
2956 1778
2957 1778
2958 1779
2959 1780
2960 1779
2961 1779
2962 1779
2963 1779
2964 1779
2965 1780
2966 1781
2967 1780
2968 1781
2969 1781
2970 1781
2971 1779
2972 1781
2973 1780
2974 1781
2975 1779
2976 1779
2977 1777
2978 1782
2979 1779
2980 1780
2981 1779
2982 1779
2983 1781
2984 1779
2985 1779
2986 1779
2987 1781
2988 1780
2989 1781
2990 1777
2991 1781
2992 1783
2993 1781
2994 1781
2995 1783
2996 1779
2997 1780
2998 1780
2999 1781
3000 1780
3001 1783
3002 1779
3003 1781
3004 1780
3005 1781
3006 1782
3007 1783
3008 1779
3009 1779
3010 1781
3011 1780
3012 1781
3013 1781
3014 1781
3015 1780
3016 1781
3017 1783
3018 1781
3019 1778
3020 1778
3021 1782
3022 1780
3023 1780
3024 1781
3025 1779
3026 1780
3027 1779
3028 1783
3029 1780
3030 1781
3031 1780
3032 1783
3033 1779
3034 1781
3035 1781
3036 1783
3037 1779
3038 1783
3039 1781
3040 1780
3041 1779
3042 1779
3043 1781
3044 1781
3045 1781
3046 1780
3047 1784
3048 1781
3049 1778
3050 1782
3051 1781
3052 1779
3053 1779
3054 1781
3055 1779
3056 1780
3057 1781
3058 1780
3059 1781
3060 1779
3061 1777
3062 1781
3063 1779
3064 1780
3065 1779
3066 1779
3067 1781
3068 1782
3069 1781
3070 1781
3071 1780
3072 1782
3073 1781
3074 1783
3075 1779
3076 1781
3077 1781
3078 1783
3079 1778
3080 1783
3081 1779
3082 1780
3083 1778
3084 1781
3085 1780
3086 1780
3087 1781
3088 1782
3089 1780
3090 1781
3091 1782
3092 1781
3093 1781
3094 1783
3095 1781
3096 1780
3097 1783
3098 1783
3099 1781
3100 1780
3101 1783
3102 1783
3103 1781
3104 1781
3105 1779
3106 1785
3107 1781
3108 1781
3109 1781
3110 1780
3111 1779
3112 1783
3113 1781
3114 1779
3115 1781
3116 1782
3117 1782
3118 1783
3119 1782
3120 1783
3121 1783
3122 1781
3123 1783
3124 1782
3125 1780
3126 1783
3127 1780
3128 1786
3129 1782
3130 1785
3131 1783
3132 1783
3133 1782
3134 1783
3135 1782
3136 1783
3137 1783
3138 1781
3139 1779
3140 1783
3141 1781
3142 1783
3143 1783
3144 1783
3145 1780
3146 1782
3147 1784
3148 1786
3149 1782
3150 1785
3151 1783
3152 1783
3153 1781
3154 1782
3155 1780
3156 1784
3157 1781
3158 1784
3159 1781
3160 1781
3161 1778
3162 1785
3163 1779
3164 1781
3165 1781
3166 1780
3167 1779
3168 1781
3169 1781
3170 1780
3171 1780
3172 1779
3173 1783
3174 1779
3175 1779
3176 1779
3177 1779
3178 1780
3179 1780
3180 1780
3181 1781
3182 1779
3183 1780
3184 1781
3185 1781
3186 1781
3187 1781
3188 1782
3189 1782
3190 1782
3191 1782
3192 1782
3193 1782
3194 1781
3195 1781
3196 1783
3197 1782
3198 1781
3199 1781
3200 1783
3201 1785
3202 1779
3203 1786
3204 1783
3205 1781
3206 1779
3207 1784
3208 1780
3209 1781
3210 1781
3211 1784
3212 1782
3213 1781
3214 1782
3215 1781
3216 1780
3217 1781
3218 1783
3219 1783
3220 1781
3221 1785
3222 1780
3223 1781
3224 1779
3225 1785
3226 1780
3227 1785
3228 1781
3229 1783
3230 1781
3231 1783
3232 1783
3233 1785
3234 1783
3235 1782
3236 1784
3237 1783
3238 1785
3239 1783
3240 1785
3241 1781
3242 1783
3243 1783
3244 1783
3245 1781
3246 1785
3247 1783
3248 1783
3249 1783
3250 1783
3251 1785
3252 1783
3253 1784
3254 1781
3255 1782
3256 1783
3257 1782
3258 1780
3259 1785
3260 1785
3261 1783
3262 1784
3263 1781
3264 1781
3265 1783
3266 1784
3267 1783
3268 1781
3269 1783
3270 1783
3271 1783
3272 1781
3273 1784
3274 1783
3275 1785
3276 1781
3277 1785
3278 1782
3279 1784
3280 1782
3281 1785
3282 1781
3283 1782
3284 1779
3285 1780
3286 1782
3287 1784
3288 1785
3289 1781
3290 1782
3291 1783
3292 1784
3293 1780
3294 1784
3295 1780
3296 1783
3297 1780
3298 1781
3299 1780
3300 1784
3301 1781
3302 1782
3303 1780
3304 1781
3305 1780
3306 1780
3307 1783
3308 1783
3309 1779
3310 1781
3311 1781
3312 1785
3313 1779
3314 1783
3315 1780
3316 1782
3317 1781
3318 1782
3319 1779
3320 1782
3321 1781
3322 1781
3323 1780
3324 1781
3325 1781
3326 1781
3327 1779
3328 1780
3329 1780
3330 1783
3331 1778
3332 1780
3333 1777
3334 1781
3335 1780
3336 1781
3337 1784
3338 1783
3339 1779
3340 1783
3341 1783
3342 1782
3343 1783
3344 1784
3345 1784
3346 1781
3347 1784
3348 1784
3349 1783
3350 1783
3351 1783
3352 1783
3353 1782
3354 1781
3355 1781
3356 1783
3357 1783
3358 1781
3359 1782
3360 1783
3361 1781
3362 1783
3363 1781
3364 1781
3365 1781
3366 1780
3367 1783
3368 1781
3369 1783
3370 1781
3371 1782
3372 1783
3373 1783
3374 1783
3375 1786
3376 1784
3377 1786
3378 1785
3379 1784
3380 1784
3381 1787
3382 1785
3383 1785
3384 1784
3385 1785
3386 1786
3387 1783
3388 1783
3389 1783
3390 1784
3391 1783
3392 1785
3393 1783
3394 1784
3395 1782
3396 1785
3397 1785
3398 1785
3399 1783
3400 1786
3401 1786
3402 1783
3403 1783
3404 1784
3405 1784
3406 1783
3407 1785
3408 1785
3409 1783
3410 1783
3411 1781
3412 1783
3413 1786
3414 1785
3415 1781
3416 1785
3417 1782
3418 1784
3419 1782
3420 1783
3421 1783
3422 1785
3423 1784
3424 1784
3425 1781
3426 1783
3427 1782
3428 1782
3429 1780
3430 1782
3431 1783
3432 1780
3433 1783
3434 1783
3435 1785
3436 1782
3437 1785
3438 1784
3439 1785
3440 1781
3441 1785
3442 1786
3443 1784
3444 1781
3445 1784
3446 1783
3447 1783
3448 1786
3449 1783
3450 1786
3451 1783
3452 1786
3453 1781
3454 1785
3455 1781
3456 1789
3457 1784
3458 1785
3459 1781
3460 1785
3461 1783
3462 1785
3463 1784
3464 1785
3465 1783
3466 1787
3467 1785
3468 1787
3469 1784
3470 1789
3471 1782
3472 1787
3473 1785
3474 1790
3475 1785
3476 1787
3477 1785
3478 1787
3479 1785
3480 1785
3481 1785
3482 1786
3483 1785
3484 1786
3485 1784
3486 1786
3487 1782
3488 1786
3489 1785
3490 1783
3491 1785
3492 1785
3493 1783
3494 1783
3495 1786
3496 1784
3497 1787
3498 1786
3499 1787
3500 1785
3501 1789
3502 1784
3503 1787
3504 1786
3505 1787
3506 1785
3507 1786
3508 1783
3509 1785
3510 1784
3511 1787
3512 1787
3513 1786
3514 1786
3515 1785
3516 1785
3517 1785
3518 1788
3519 1785
3520 1785
3521 1786
3522 1785
3523 1785
3524 1785
3525 1787
3526 1786
3527 1786
3528 1789
3529 1787
3530 1785
3531 1783
3532 1787
3533 1786
3534 1787
3535 1785
3536 1789
3537 1784
3538 1787
3539 1782
3540 1791
3541 1783
3542 1787
3543 1785
3544 1788
3545 1785
3546 1786
3547 1787
3548 1786
3549 1785
3550 1786
3551 1789
3552 1785
3553 1787
3554 1786
3555 1786
3556 1786
3557 1785
3558 1788
3559 1785
3560 1786
3561 1784
3562 1789
3563 1783
3564 1786
3565 1786
3566 1789
3567 1785
3568 1787
3569 1784
3570 1789
3571 1785
3572 1787
3573 1785
3574 1789
3575 1787
3576 1789
3577 1786
3578 1787
3579 1788
3580 1787
3581 1787
3582 1787
3583 1787
3584 1787
3585 1789
3586 1788
3587 1789
3588 1787
3589 1790
3590 1788
3591 1789
3592 1787
3593 1788
3594 1788
3595 1790
3596 1787
3597 1789
3598 1787
3599 1791
3600 1788
3601 1791
3602 1785
3603 1790
3604 1791
3605 1789
3606 1787
3607 1787
3608 1791
3609 1791
3610 1791
3611 1789
3612 1791
3613 1791
3614 1787
3615 1791
3616 1793
3617 1790
3618 1791
3619 1790
3620 1789
3621 1788
3622 1789
3623 1791
3624 1790
3625 1788
3626 1787
3627 1790
3628 1792
3629 1790
3630 1792
3631 1789
3632 1791
3633 1790
3634 1795
3635 1789
3636 1793
3637 1791
3638 1797
3639 1790
3640 1793
3641 1791
3642 1793
3643 1791
3644 1793
3645 1792
3646 1794
3647 1790
3648 1791
3649 1791
3650 1793
3651 1789
3652 1791
3653 1789
3654 1791
3655 1789
3656 1791
3657 1791
3658 1796
3659 1789
3660 1793
3661 1791
3662 1795
3663 1793
3664 1791
3665 1791
3666 1794
3667 1790
3668 1795
3669 1793
3670 1792
3671 1791
3672 1792
3673 1791
3674 1790
3675 1793
3676 1793
3677 1793
3678 1794
3679 1795
3680 1795
3681 1794
3682 1793
3683 1796
3684 1795
3685 1794
3686 2261
3687 3529
3688 4095
3689 4095
3690 4095
3691 4095
3692 4095
3693 4095
3694 4095
