#Data from the TCD1304 linear CCD
#column 1 = pixelnumber , column 2 = pixelvalue
#Pixel 1-32 and 3679-3694 and are dummy pixels
#SH-period: 200    ICG-period: 100000    Integration time: 100.0 us
2 4093
3 4091
4 4095
5 4095
6 4095
7 4095
8 4095
9 4095
10 4095
11 4095
12 4095
13 4095
14 4095
15 4095
16 4095
17 4095
18 4095
19 4095
20 4095
21 4095
22 4095
23 4095
24 4095
25 4095
26 4095
27 4095
28 4095
29 4095
30 4095
31 4095
32 1951
34 1673
35 1663
36 1661
37 1653
38 1651
39 1647
40 1647
41 1645
42 1645
43 1643
44 1639
45 1641
46 1637
47 1637
48 1633
49 1637
50 1633
51 1635
52 1633
53 1633
54 1631
55 1631
56 1629
57 1629
58 1627
59 1629
60 1627
61 1627
62 1625
63 1627
64 1625
65 1623
66 1623
67 1623
68 1621
69 1625
70 1623
71 1623
72 1621
73 1621
74 1621
75 1621
76 1621
77 1619
78 1617
79 1619
80 1617
81 1619
82 1617
83 1619
84 1617
85 1617
86 1617
87 1619
88 1615
89 1617
90 1615
91 1617
92 1615
93 1615
94 1613
95 1615
96 1613
97 1615
98 1611
99 1617
100 1613
101 1615
102 1613
103 1613
104 1613
105 1613
106 1613
107 1615
108 1611
109 1613
110 1615
111 1614
112 1611
113 1613
114 1613
115 1613
116 1611
117 1613
118 1611
119 1613
120 1611
121 1613
122 1611
123 1611
124 1611
125 1611
126 1611
127 1613
128 1611
129 1611
130 1611
131 1613
132 1611
133 1611
134 1609
135 1611
136 1609
137 1613
138 1611
139 1611
140 1611
141 1613
142 1609
143 1611
144 1611
145 1611
146 1609
147 1613
148 1609
149 1611
150 1609
151 1611
152 1609
153 1609
154 1611
155 1611
156 1609
157 1611
158 1609
159 1611
160 1609
161 1611
162 1609
163 1611
164 1607
165 1611
166 1609
167 1611
168 1609
169 1611
170 1609
171 1613
172 1609
173 1609
174 1613
175 1611
176 1609
177 1611
178 1609
179 1609
180 1609
181 1609
182 1607
183 1611
184 1609
185 1611
186 1609
187 1609
188 1609
189 1609
190 1609
191 1613
192 1609
193 1611
194 1609
195 1611
196 1609
197 1611
198 1609
199 1611
200 1609
201 1611
202 1609
203 1609
204 1609
205 1611
206 1609
207 1611
208 1611
209 1611
210 1609
211 1613
212 1609
213 1611
214 1609
215 1613
216 1609
217 1611
218 1607
219 1609
220 1609
221 1609
222 1611
223 1607
224 1609
225 1613
226 1608
227 1611
228 1609
229 1612
230 1609
231 1609
232 1609
233 1609
234 1607
235 1613
236 1609
237 1609
238 1607
239 1611
240 1608
241 1609
242 1607
243 1609
244 1607
245 1609
246 1611
247 1611
248 1607
249 1611
250 1609
251 1609
252 1607
253 1611
254 1609
255 1609
256 1609
257 1610
258 1607
259 1609
260 1609
261 1611
262 1609
263 1609
264 1611
265 1609
266 1607
267 1611
268 1607
269 1609
270 1609
271 1611
272 1607
273 1609
274 1609
275 1609
276 1607
277 1609
278 1611
279 1609
280 1607
281 1611
282 1607
283 1609
284 1607
285 1609
286 1609
287 1609
288 1609
289 1610
290 1607
291 1611
292 1609
293 1609
294 1607
295 1611
296 1609
297 1609
298 1607
299 1613
300 1607
301 1609
302 1609
303 1609
304 1609
305 1609
306 1607
307 1609
308 1607
309 1609
310 1609
311 1609
312 1608
313 1611
314 1607
315 1609
316 1609
317 1611
318 1607
319 1609
320 1607
321 1611
322 1607
323 1609
324 1611
325 1609
326 1607
327 1609
328 1607
329 1609
330 1607
331 1611
332 1607
333 1609
334 1607
335 1611
336 1608
337 1609
338 1609
339 1609
340 1609
341 1609
342 1609
343 1609
344 1607
345 1611
346 1607
347 1609
348 1605
349 1609
350 1607
351 1609
352 1609
353 1609
354 1607
355 1609
356 1609
357 1609
358 1607
359 1609
360 1607
361 1609
362 1609
363 1609
364 1607
365 1609
366 1609
367 1609
368 1607
369 1611
370 1609
371 1609
372 1609
373 1609
374 1609
375 1609
376 1609
377 1609
378 1607
379 1609
380 1607
381 1609
382 1607
383 1611
384 1607
385 1609
386 1607
387 1609
388 1609
389 1609
390 1609
391 1609
392 1607
393 1611
394 1608
395 1609
396 1609
397 1609
398 1607
399 1611
400 1611
401 1609
402 1608
403 1611
404 1609
405 1609
406 1607
407 1609
408 1607
409 1609
410 1609
411 1609
412 1609
413 1609
414 1609
415 1611
416 1609
417 1611
418 1609
419 1609
420 1609
421 1611
422 1609
423 1607
424 1611
425 1609
426 1609
427 1609
428 1609
429 1609
430 1607
431 1609
432 1609
433 1611
434 1607
435 1609
436 1608
437 1609
438 1609
439 1609
440 1607
441 1609
442 1605
443 1611
444 1608
445 1609
446 1609
447 1611
448 1607
449 1609
450 1609
451 1609
452 1609
453 1611
454 1609
455 1607
456 1607
457 1608
458 1609
459 1609
460 1609
461 1609
462 1609
463 1611
464 1609
465 1611
466 1609
467 1609
468 1609
469 1609
470 1609
471 1609
472 1607
473 1609
474 1609
475 1609
476 1611
477 1609
478 1609
479 1611
480 1609
481 1609
482 1607
483 1607
484 1608
485 1609
486 1609
487 1609
488 1609
489 1611
490 1609
491 1609
492 1609
493 1609
494 1609
495 1609
496 1611
497 1609
498 1609
499 1611
500 1609
501 1609
502 1609
503 1609
504 1607
505 1609
506 1611
507 1609
508 1609
509 1607
510 1609
511 1609
512 1609
513 1609
514 1609
515 1609
516 1611
517 1609
518 1609
519 1609
520 1609
521 1607
522 1609
523 1609
524 1607
525 1609
526 1609
527 1609
528 1607
529 1607
530 1607
531 1608
532 1609
533 1609
534 1609
535 1609
536 1609
537 1609
538 1609
539 1609
540 1607
541 1607
542 1609
543 1609
544 1609
545 1609
546 1609
547 1609
548 1607
549 1611
550 1607
551 1609
552 1611
553 1609
554 1609
555 1609
556 1609
557 1609
558 1609
559 1611
560 1609
561 1609
562 1607
563 1607
564 1608
565 1611
566 1609
567 1609
568 1609
569 1609
570 1609
571 1609
572 1609
573 1607
574 1608
575 1607
576 1607
577 1607
578 1607
579 1611
580 1607
581 1609
582 1609
583 1609
584 1607
585 1609
586 1609
587 1609
588 1609
589 1609
590 1609
591 1607
592 1609
593 1607
594 1607
595 1609
596 1607
597 1608
598 1605
599 1611
600 1609
601 1609
602 1609
603 1609
604 1603
605 1609
606 1609
607 1609
608 1607
609 1611
610 1607
611 1607
612 1609
613 1609
614 1609
615 1607
616 1607
617 1609
618 1607
619 1609
620 1609
621 1609
622 1609
623 1607
624 1609
625 1607
626 1609
627 1609
628 1607
629 1607
630 1607
631 1607
632 1607
633 1609
634 1607
635 1609
636 1611
637 1609
638 1607
639 1609
640 1609
641 1609
642 1609
643 1611
644 1609
645 1609
646 1609
647 1609
648 1607
649 1609
650 1611
651 1609
652 1609
653 1609
654 1609
655 1609
656 1608
657 1611
658 1609
659 1609
660 1609
661 1609
662 1608
663 1609
664 1607
665 1609
666 1607
667 1611
668 1609
669 1609
670 1609
671 1609
672 1607
673 1607
674 1609
675 1609
676 1607
677 1607
678 1607
679 1607
680 1607
681 1609
682 1609
683 1609
684 1609
685 1609
686 1609
687 1611
688 1609
689 1609
690 1607
691 1605
692 1607
693 1609
694 1609
695 1608
696 1607
697 1608
698 1607
699 1609
700 1607
701 1609
702 1609
703 1607
704 1607
705 1609
706 1609
707 1609
708 1609
709 1609
710 1607
711 1611
712 1609
713 1609
714 1607
715 1611
716 1607
717 1607
718 1609
719 1609
720 1608
721 1607
722 1609
723 1607
724 1609
725 1611
726 1607
727 1607
728 1607
729 1609
730 1607
731 1607
732 1609
733 1609
734 1607
735 1609
736 1609
737 1608
738 1607
739 1611
740 1608
741 1607
742 1607
743 1609
744 1608
745 1607
746 1609
747 1607
748 1607
749 1611
750 1609
751 1609
752 1609
753 1609
754 1607
755 1609
756 1609
757 1609
758 1607
759 1610
760 1609
761 1609
762 1607
763 1609
764 1607
765 1609
766 1609
767 1609
768 1607
769 1607
770 1609
771 1609
772 1607
773 1607
774 1609
775 1607
776 1609
777 1609
778 1607
779 1607
780 1607
781 1609
782 1607
783 1607
784 1609
785 1609
786 1609
787 1609
788 1609
789 1609
790 1609
791 1609
792 1608
793 1607
794 1607
795 1609
796 1609
797 1609
798 1605
799 1609
800 1609
801 1609
802 1609
803 1609
804 1609
805 1609
806 1607
807 1607
808 1607
809 1607
810 1607
811 1607
812 1607
813 1609
814 1609
815 1609
816 1609
817 1609
818 1609
819 1611
820 1609
821 1607
822 1609
823 1609
824 1613
825 1609
826 1611
827 1609
828 1615
829 1609
830 2029
831 1609
832 3049
833 1631
834 3057
835 2539
836 3069
837 3067
838 3065
839 3077
840 3063
841 3069
842 3071
843 3077
844 3077
845 3071
846 3071
847 3081
848 3081
849 3081
850 3095
851 3087
852 3089
853 3091
854 3093
855 3105
856 3097
857 3097
858 3109
859 3101
860 3091
861 3113
862 3099
863 3105
864 3105
865 3105
866 3111
867 3105
868 3101
869 3107
870 3105
871 3105
872 3095
873 3109
874 3109
875 3105
876 3107
877 3117
878 3097
879 3099
880 3109
881 3103
882 3113
883 3119
884 3113
885 3135
886 3121
887 3121
888 3127
889 3129
890 3129
891 3145
892 3137
893 3143
894 3137
895 3143
896 3133
897 3149
898 3149
899 3147
900 3147
901 3151
902 3157
903 3153
904 3157
905 3145
906 3153
907 3153
908 3163
909 3161
910 3153
911 3159
912 3169
913 3159
914 3165
915 3159
916 3153
917 3153
918 3167
919 3161
920 3157
921 3163
922 3171
923 3159
924 3161
925 3167
926 3163
927 3161
928 3167
929 3155
930 3167
931 3161
932 3167
933 3163
934 3163
935 3161
936 3169
937 3167
938 3167
939 3165
940 3163
941 3165
942 3161
943 3169
944 3167
945 3169
946 3163
947 3169
948 3169
949 3179
950 3173
951 3189
952 3177
953 3179
954 3181
955 3183
956 3185
957 3181
958 3193
959 3183
960 3193
961 3203
962 3205
963 3201
964 3201
965 3209
966 3211
967 3219
968 3209
969 3221
970 3217
971 3219
972 3221
973 3223
974 3225
975 3211
976 3221
977 3221
978 3219
979 3219
980 3215
981 3217
982 3221
983 3217
984 3229
985 3225
986 3225
987 3221
988 3213
989 3219
990 3215
991 3221
992 3213
993 3203
994 3211
995 3213
996 3213
997 3221
998 3215
999 3211
1000 3219
1001 3221
1002 3221
1003 3217
1004 3221
1005 3219
1006 3235
1007 3223
1008 3233
1009 3223
1010 3229
1011 3237
1012 3233
1013 3241
1014 3237
1015 3237
1016 3233
1017 3243
1018 3241
1019 3247
1020 3251
1021 3251
1022 3235
1023 3249
1024 3255
1025 3239
1026 3251
1027 3247
1028 3245
1029 3249
1030 3245
1031 3243
1032 3249
1033 3249
1034 3253
1035 3251
1036 3245
1037 3245
1038 3247
1039 3255
1040 3251
1041 3249
1042 3259
1043 3241
1044 3253
1045 3251
1046 3249
1047 3259
1048 3239
1049 3253
1050 3249
1051 3265
1052 3251
1053 3259
1054 3245
1055 3247
1056 3259
1057 3259
1058 3257
1059 3259
1060 3251
1061 3273
1062 3261
1063 3257
1064 3255
1065 3271
1066 3261
1067 3269
1068 3269
1069 3257
1070 3273
1071 3265
1072 3267
1073 3265
1074 3275
1075 3263
1076 3273
1077 3279
1078 3283
1079 3277
1080 3281
1081 3277
1082 3275
1083 3279
1084 3281
1085 3273
1086 3283
1087 3277
1088 3277
1089 3287
1090 3283
1091 3287
1092 3287
1093 3283
1094 3291
1095 3299
1096 3301
1097 3293
1098 3297
1099 3301
1100 3297
1101 3305
1102 3303
1103 3313
1104 3309
1105 3305
1106 3311
1107 3311
1108 3313
1109 3311
1110 3315
1111 3311
1112 3303
1113 3321
1114 3311
1115 3315
1116 3307
1117 3313
1118 3311
1119 3295
1120 3301
1121 3305
1122 3297
1123 3307
1124 3297
1125 3307
1126 3299
1127 3297
1128 3305
1129 3307
1130 3297
1131 3303
1132 3301
1133 3305
1134 3315
1135 3317
1136 3309
1137 3317
1138 3321
1139 3317
1140 3317
1141 3325
1142 3317
1143 3331
1144 3321
1145 3323
1146 3321
1147 3325
1148 3311
1149 3329
1150 3325
1151 3311
1152 3327
1153 3331
1154 3321
1155 3325
1156 3311
1157 3317
1158 3317
1159 3315
1160 3319
1161 3319
1162 3331
1163 3313
1164 3323
1165 3325
1166 3329
1167 3325
1168 3329
1169 3331
1170 3329
1171 3327
1172 3325
1173 3337
1174 3341
1175 3335
1176 3341
1177 3345
1178 3329
1179 3333
1180 3339
1181 3345
1182 3329
1183 3337
1184 3331
1185 3341
1186 3341
1187 3349
1188 3345
1189 3355
1190 3345
1191 3355
1192 3357
1193 3347
1194 3347
1195 3353
1196 3357
1197 3351
1198 3361
1199 3361
1200 3351
1201 3361
1202 3369
1203 3359
1204 3365
1205 3363
1206 3365
1207 3373
1208 3365
1209 3365
1210 3365
1211 3353
1212 3367
1213 3363
1214 3365
1215 3363
1216 3361
1217 3361
1218 3363
1219 3363
1220 3367
1221 3365
1222 3365
1223 3367
1224 3363
1225 3369
1226 3373
1227 3357
1228 3369
1229 3375
1230 3361
1231 3361
1232 3365
1233 3373
1234 3367
1235 3369
1236 3369
1237 3359
1238 3355
1239 3373
1240 3357
1241 3365
1242 3351
1243 3363
1244 3361
1245 3365
1246 3361
1247 3361
1248 3363
1249 3363
1250 3361
1251 3369
1252 3367
1253 3369
1254 3371
1255 3357
1256 3359
1257 3367
1258 3365
1259 3369
1260 3365
1261 3367
1262 3361
1263 3369
1264 3365
1265 3369
1266 3373
1267 3379
1268 3357
1269 3361
1270 3369
1271 3355
1272 3361
1273 3359
1274 3369
1275 3357
1276 3355
1277 3361
1278 3357
1279 3361
1280 3367
1281 3363
1282 3365
1283 3371
1284 3365
1285 3377
1286 3381
1287 3381
1288 3385
1289 3391
1290 3395
1291 3385
1292 3395
1293 3393
1294 3399
1295 3403
1296 3407
1297 3405
1298 3405
1299 3409
1300 3405
1301 3413
1302 3411
1303 3413
1304 3407
1305 3411
1306 3405
1307 3409
1308 3403
1309 3413
1310 3399
1311 3401
1312 3401
1313 3413
1314 3401
1315 3403
1316 3401
1317 3397
1318 3401
1319 3393
1320 3395
1321 3397
1322 3399
1323 3393
1324 3383
1325 3391
1326 3393
1327 3393
1328 3385
1329 3391
1330 3395
1331 3379
1332 3395
1333 3391
1334 3389
1335 3391
1336 3381
1337 3387
1338 3393
1339 3393
1340 3389
1341 3391
1342 3391
1343 3391
1344 3399
1345 3395
1346 3403
1347 3403
1348 3405
1349 3407
1350 3403
1351 3409
1352 3409
1353 3409
1354 3409
1355 3409
1356 3403
1357 3413
1358 3413
1359 3409
1360 3403
1361 3415
1362 3417
1363 3415
1364 3409
1365 3421
1366 3419
1367 3413
1368 3419
1369 3425
1370 3433
1371 3433
1372 3437
1373 3447
1374 3447
1375 3449
1376 3451
1377 3453
1378 3465
1379 3475
1380 3469
1381 3465
1382 3465
1383 3477
1384 3473
1385 3491
1386 3489
1387 3479
1388 3493
1389 3495
1390 3497
1391 3503
1392 3509
1393 3501
1394 3513
1395 3505
1396 3511
1397 3519
1398 3513
1399 3523
1400 3525
1401 3531
1402 3525
1403 3527
1404 3525
1405 3533
1406 3533
1407 3533
1408 3533
1409 3535
1410 3535
1411 3537
1412 3539
1413 3539
1414 3543
1415 3549
1416 3541
1417 3549
1418 3547
1419 3555
1420 3551
1421 3557
1422 3555
1423 3555
1424 3553
1425 3569
1426 3567
1427 3559
1428 3563
1429 3561
1430 3571
1431 3569
1432 3571
1433 3575
1434 3567
1435 3571
1436 3575
1437 3575
1438 3577
1439 3579
1440 3577
1441 3583
1442 3589
1443 3583
1444 3589
1445 3583
1446 3591
1447 3597
1448 3587
1449 3589
1450 3595
1451 3599
1452 3589
1453 3595
1454 3601
1455 3603
1456 3601
1457 3601
1458 3601
1459 3601
1460 3609
1461 3613
1462 3603
1463 3609
1464 3613
1465 3615
1466 3615
1467 3615
1468 3625
1469 3625
1470 3615
1471 3623
1472 3623
1473 3623
1474 3627
1475 3625
1476 3635
1477 3623
1478 3631
1479 3631
1480 3629
1481 3635
1482 3633
1483 3641
1484 3639
1485 3639
1486 3637
1487 3645
1488 3641
1489 3641
1490 3639
1491 3643
1492 3635
1493 3641
1494 3643
1495 3647
1496 3641
1497 3639
1498 3639
1499 3645
1500 3643
1501 3651
1502 3643
1503 3645
1504 3653
1505 3643
1506 3643
1507 3649
1508 3647
1509 3645
1510 3647
1511 3655
1512 3651
1513 3651
1514 3647
1515 3649
1516 3657
1517 3659
1518 3649
1519 3653
1520 3659
1521 3655
1522 3649
1523 3647
1524 3655
1525 3653
1526 3651
1527 3649
1528 3653
1529 3645
1530 3657
1531 3643
1532 3651
1533 3651
1534 3665
1535 3651
1536 3661
1537 3653
1538 3653
1539 3653
1540 3651
1541 3655
1542 3655
1543 3657
1544 3655
1545 3657
1546 3657
1547 3645
1548 3653
1549 3653
1550 3651
1551 3653
1552 3655
1553 3655
1554 3651
1555 3647
1556 3651
1557 3655
1558 3653
1559 3647
1560 3653
1561 3647
1562 3643
1563 3651
1564 3653
1565 3655
1566 3653
1567 3647
1568 3647
1569 3657
1570 3657
1571 3651
1572 3657
1573 3651
1574 3649
1575 3641
1576 3647
1577 3645
1578 3643
1579 3645
1580 3647
1581 3655
1582 3649
1583 3647
1584 3645
1585 3657
1586 3653
1587 3651
1588 3645
1589 3647
1590 3649
1591 3645
1592 3647
1593 3645
1594 3651
1595 3645
1596 3643
1597 3649
1598 3641
1599 3643
1600 3651
1601 3645
1602 3641
1603 3643
1604 3641
1605 3645
1606 3639
1607 3649
1608 3639
1609 3647
1610 3647
1611 3649
1612 3647
1613 3643
1614 3649
1615 3635
1616 3637
1617 3639
1618 3641
1619 3639
1620 3637
1621 3633
1622 3643
1623 3639
1624 3633
1625 3635
1626 3635
1627 3633
1628 3635
1629 3633
1630 3633
1631 3631
1632 3637
1633 3637
1634 3631
1635 3629
1636 3637
1637 3631
1638 3623
1639 3627
1640 3631
1641 3629
1642 3631
1643 3631
1644 3629
1645 3617
1646 3629
1647 3625
1648 3627
1649 3635
1650 3621
1651 3623
1652 3617
1653 3627
1654 3619
1655 3619
1656 3617
1657 3623
1658 3619
1659 3611
1660 3625
1661 3627
1662 3617
1663 3621
1664 3621
1665 3623
1666 3615
1667 3619
1668 3617
1669 3619
1670 3613
1671 3615
1672 3617
1673 3617
1674 3619
1675 3613
1676 3613
1677 3613
1678 3611
1679 3615
1680 3607
1681 3617
1682 3615
1683 3617
1684 3609
1685 3609
1686 3611
1687 3609
1688 3609
1689 3615
1690 3611
1691 3611
1692 3607
1693 3603
1694 3605
1695 3603
1696 3607
1697 3609
1698 3595
1699 3605
1700 3603
1701 3607
1702 3601
1703 3601
1704 3601
1705 3597
1706 3609
1707 3601
1708 3597
1709 3601
1710 3601
1711 3605
1712 3597
1713 3597
1714 3601
1715 3593
1716 3593
1717 3587
1718 3597
1719 3591
1720 3581
1721 3583
1722 3589
1723 3587
1724 3581
1725 3571
1726 3573
1727 3581
1728 3575
1729 3573
1730 3573
1731 3579
1732 3571
1733 3575
1734 3579
1735 3567
1736 3569
1737 3573
1738 3575
1739 3567
1740 3577
1741 3571
1742 3571
1743 3577
1744 3567
1745 3579
1746 3581
1747 3571
1748 3565
1749 3575
1750 3571
1751 3575
1752 3571
1753 3577
1754 3571
1755 3565
1756 3561
1757 3575
1758 3559
1759 3563
1760 3547
1761 3559
1762 3557
1763 3547
1764 3547
1765 3555
1766 3547
1767 3545
1768 3553
1769 3543
1770 3547
1771 3551
1772 3545
1773 3541
1774 3539
1775 3543
1776 3545
1777 3547
1778 3545
1779 3537
1780 3535
1781 3541
1782 3535
1783 3535
1784 3535
1785 3529
1786 3537
1787 3533
1788 3527
1789 3539
1790 3531
1791 3531
1792 3529
1793 3525
1794 3529
1795 3525
1796 3523
1797 3515
1798 3529
1799 3519
1800 3515
1801 3523
1802 3513
1803 3525
1804 3519
1805 3519
1806 3515
1807 3517
1808 3515
1809 3517
1810 3515
1811 3503
1812 3513
1813 3513
1814 3509
1815 3501
1816 3503
1817 3501
1818 3495
1819 3501
1820 3495
1821 3497
1822 3491
1823 3489
1824 3491
1825 3495
1826 3485
1827 3495
1828 3491
1829 3491
1830 3479
1831 3477
1832 3483
1833 3487
1834 3487
1835 3485
1836 3475
1837 3485
1838 3481
1839 3473
1840 3479
1841 3479
1842 3475
1843 3473
1844 3477
1845 3481
1846 3475
1847 3477
1848 3467
1849 3471
1850 3475
1851 3477
1852 3465
1853 3469
1854 3469
1855 3477
1856 3477
1857 3477
1858 3475
1859 3475
1860 3465
1861 3467
1862 3461
1863 3459
1864 3449
1865 3465
1866 3459
1867 3459
1868 3465
1869 3445
1870 3457
1871 3457
1872 3455
1873 3441
1874 3453
1875 3445
1876 3437
1877 3445
1878 3433
1879 3435
1880 3433
1881 3435
1882 3431
1883 3433
1884 3431
1885 3423
1886 3433
1887 3421
1888 3423
1889 3425
1890 3415
1891 3413
1892 3413
1893 3405
1894 3405
1895 3399
1896 3399
1897 3399
1898 3401
1899 3399
1900 3389
1901 3395
1902 3387
1903 3383
1904 3381
1905 3391
1906 3385
1907 3383
1908 3385
1909 3375
1910 3383
1911 3371
1912 3373
1913 3373
1914 3369
1915 3373
1916 3369
1917 3373
1918 3361
1919 3363
1920 3367
1921 3351
1922 3359
1923 3357
1924 3355
1925 3353
1926 3345
1927 3343
1928 3337
1929 3347
1930 3343
1931 3339
1932 3339
1933 3335
1934 3333
1935 3335
1936 3337
1937 3329
1938 3335
1939 3333
1940 3331
1941 3317
1942 3333
1943 3327
1944 3337
1945 3327
1946 3315
1947 3317
1948 3319
1949 3313
1950 3317
1951 3319
1952 3307
1953 3319
1954 3309
1955 3315
1956 3303
1957 3309
1958 3303
1959 3301
1960 3297
1961 3305
1962 3295
1963 3307
1964 3301
1965 3283
1966 3301
1967 3295
1968 3291
1969 3281
1970 3287
1971 3291
1972 3283
1973 3275
1974 3295
1975 3283
1976 3283
1977 3281
1978 3277
1979 3281
1980 3273
1981 3281
1982 3269
1983 3269
1984 3257
1985 3265
1986 3271
1987 3255
1988 3265
1989 3257
1990 3259
1991 3247
1992 3251
1993 3245
1994 3255
1995 3247
1996 3237
1997 3239
1998 3231
1999 3227
2000 3227
2001 3233
2002 3223
2003 3213
2004 3227
2005 3217
2006 3221
2007 3215
2008 3209
2009 3209
2010 3219
2011 3215
2012 3205
2013 3205
2014 3203
2015 3205
2016 3201
2017 3205
2018 3205
2019 3185
2020 3187
2021 3189
2022 3189
2023 3189
2024 3187
2025 3179
2026 3179
2027 3183
2028 3175
2029 3171
2030 3161
2031 3157
2032 3157
2033 3153
2034 3159
2035 3153
2036 3155
2037 3147
2038 3141
2039 3149
2040 3149
2041 3143
2042 3141
2043 3135
2044 3133
2045 3131
2046 3119
2047 3121
2048 3117
2049 3117
2050 3115
2051 3117
2052 3115
2053 3107
2054 3111
2055 3105
2056 3103
2057 3101
2058 3093
2059 3105
2060 3105
2061 3101
2062 3101
2063 3105
2064 3093
2065 3097
2066 3097
2067 3105
2068 3093
2069 3097
2070 3085
2071 3079
2072 3091
2073 3089
2074 3077
2075 3083
2076 3077
2077 3067
2078 3071
2079 3067
2080 3065
2081 3053
2082 3055
2083 3045
2084 3055
2085 3049
2086 3037
2087 3037
2088 3031
2089 3039
2090 3041
2091 3029
2092 3027
2093 3023
2094 3023
2095 3007
2096 3021
2097 3019
2098 3013
2099 3019
2100 3015
2101 3003
2102 3007
2103 3001
2104 2999
2105 2993
2106 2997
2107 2995
2108 3001
2109 3001
2110 2993
2111 2991
2112 2993
2113 2991
2114 2989
2115 2977
2116 2981
2117 2981
2118 2973
2119 2975
2120 2967
2121 2947
2122 2961
2123 2949
2124 2945
2125 2951
2126 2945
2127 2943
2128 2953
2129 2935
2130 2935
2131 2915
2132 2907
2133 2915
2134 2909
2135 2891
2136 2893
2137 2885
2138 2899
2139 2875
2140 2859
2141 2873
2142 2879
2143 2865
2144 2869
2145 2873
2146 2849
2147 2845
2148 2851
2149 2837
2150 2847
2151 2853
2152 2839
2153 2849
2154 2847
2155 2827
2156 2833
2157 2825
2158 2825
2159 2825
2160 2827
2161 2825
2162 2825
2163 2813
2164 2821
2165 2801
2166 2819
2167 2815
2168 2797
2169 2803
2170 2805
2171 2801
2172 2805
2173 2789
2174 2799
2175 2797
2176 2795
2177 2779
2178 2781
2179 2785
2180 2783
2181 2773
2182 2785
2183 2765
2184 2773
2185 2767
2186 2755
2187 2759
2188 2751
2189 2747
2190 2737
2191 2731
2192 2739
2193 2733
2194 2735
2195 2731
2196 2719
2197 2723
2198 2715
2199 2727
2200 2713
2201 2719
2202 2703
2203 2707
2204 2719
2205 2697
2206 2707
2207 2697
2208 2693
2209 2675
2210 2679
2211 2687
2212 2679
2213 2689
2214 2675
2215 2681
2216 2675
2217 2653
2218 2661
2219 2649
2220 2653
2221 2655
2222 2641
2223 2643
2224 2633
2225 2633
2226 2631
2227 2625
2228 2615
2229 2619
2230 2603
2231 2595
2232 2609
2233 2593
2234 2583
2235 2585
2236 2589
2237 2583
2238 2575
2239 2573
2240 2569
2241 2561
2242 2561
2243 2559
2244 2561
2245 2541
2246 2551
2247 2545
2248 2535
2249 2533
2250 2525
2251 2533
2252 2525
2253 2529
2254 2533
2255 2529
2256 2505
2257 2517
2258 2513
2259 2507
2260 2501
2261 2499
2262 2499
2263 2477
2264 2487
2265 2467
2266 2475
2267 2475
2268 2481
2269 2469
2270 2479
2271 2469
2272 2455
2273 2449
2274 2471
2275 2449
2276 2453
2277 2445
2278 2447
2279 2453
2280 2435
2281 2427
2282 2435
2283 2433
2284 2415
2285 2431
2286 2423
2287 2423
2288 2401
2289 2399
2290 2401
2291 2387
2292 2391
2293 2381
2294 2379
2295 2385
2296 2387
2297 2381
2298 2379
2299 2375
2300 2363
2301 2365
2302 2367
2303 2357
2304 2345
2305 2343
2306 2337
2307 2323
2308 2325
2309 2327
2310 2327
2311 2321
2312 2309
2313 2323
2314 2313
2315 2307
2316 2309
2317 2291
2318 2299
2319 2289
2320 2281
2321 2277
2322 2281
2323 2275
2324 2269
2325 2263
2326 2263
2327 2261
2328 2263
2329 2261
2330 2259
2331 2259
2332 2249
2333 2255
2334 2253
2335 2243
2336 2245
2337 2231
2338 2231
2339 2235
2340 2217
2341 2217
2342 2221
2343 2223
2344 2215
2345 2203
2346 2195
2347 2211
2348 2211
2349 2205
2350 2201
2351 2193
2352 2191
2353 2187
2354 2179
2355 2177
2356 2173
2357 2167
2358 2161
2359 2153
2360 2163
2361 2151
2362 2143
2363 2139
2364 2153
2365 2145
2366 2145
2367 2147
2368 2141
2369 2121
2370 2151
2371 2119
2372 2113
2373 2111
2374 2111
2375 2119
2376 2123
2377 2109
2378 2119
2379 2111
2380 2121
2381 2113
2382 2097
2383 2091
2384 2101
2385 2095
2386 2089
2387 2103
2388 2097
2389 2085
2390 2087
2391 2089
2392 2091
2393 2083
2394 2085
2395 2077
2396 2083
2397 2075
2398 2073
2399 2069
2400 2073
2401 2087
2402 2061
2403 2085
2404 2069
2405 2077
2406 2071
2407 2065
2408 2065
2409 2059
2410 2065
2411 2069
2412 2065
2413 2063
2414 2061
2415 2067
2416 2065
2417 2073
2418 2049
2419 2057
2420 2049
2421 2057
2422 2061
2423 2063
2424 2055
2425 2059
2426 2059
2427 2051
2428 2047
2429 2049
2430 2051
2431 2041
2432 2065
2433 2051
2434 2055
2435 2057
2436 2045
2437 2053
2438 2053
2439 2051
2440 2057
2441 2043
2442 2035
2443 2039
2444 2055
2445 2043
2446 2049
2447 2049
2448 2049
2449 2031
2450 2053
2451 2041
2452 2045
2453 2055
2454 2041
2455 2047
2456 2055
2457 2045
2458 2051
2459 2063
2460 2041
2461 2033
2462 2043
2463 2047
2464 2049
2465 2043
2466 2047
2467 2033
2468 2027
2469 2031
2470 2039
2471 2033
2472 2035
2473 2029
2474 2031
2475 2031
2476 2037
2477 2031
2478 2035
2479 2049
2480 2031
2481 2043
2482 2039
2483 2031
2484 2021
2485 2019
2486 2027
2487 2027
2488 2035
2489 2041
2490 2027
2491 2025
2492 2021
2493 2019
2494 2033
2495 2031
2496 2021
2497 2027
2498 2029
2499 2041
2500 2035
2501 2029
2502 2033
2503 2029
2504 2033
2505 2029
2506 2023
2507 2027
2508 2041
2509 2031
2510 2021
2511 2017
2512 2021
2513 2015
2514 2015
2515 2013
2516 2015
2517 2025
2518 2011
2519 2021
2520 2027
2521 2015
2522 2021
2523 2015
2524 2019
2525 2017
2526 2021
2527 2013
2528 2029
2529 2023
2530 2009
2531 2029
2532 2021
2533 2011
2534 2007
2535 2015
2536 2015
2537 2013
2538 2015
2539 2019
2540 2029
2541 2023
2542 2017
2543 2013
2544 2017
2545 2019
2546 2023
2547 2013
2548 2009
2549 2019
2550 2015
2551 2001
2552 2015
2553 2017
2554 2017
2555 2009
2556 2019
2557 2017
2558 2003
2559 2015
2560 1999
2561 2017
2562 2011
2563 2021
2564 2007
2565 2015
2566 2011
2567 2015
2568 2015
2569 2007
2570 2015
2571 1999
2572 2005
2573 2003
2574 2021
2575 1997
2576 2009
2577 2019
2578 1999
2579 2001
2580 2003
2581 2005
2582 2003
2583 2013
2584 1997
2585 1991
2586 2003
2587 1995
2588 1999
2589 2001
2590 1997
2591 1997
2592 2009
2593 1997
2594 2007
2595 1997
2596 1988
2597 2003
2598 2001
2599 2003
2600 1999
2601 1997
2602 2003
2603 1993
2604 1999
2605 1997
2606 2001
2607 1999
2608 1983
2609 2001
2610 1991
2611 1997
2612 1991
2613 1995
2614 1991
2615 1999
2616 1993
2617 2009
2618 1995
2619 1987
2620 2001
2621 1991
2622 1995
2623 1987
2624 2001
2625 2007
2626 1997
2627 1989
2628 1991
2629 1993
2630 1985
2631 1995
2632 2001
2633 1997
2634 1999
2635 1985
2636 1995
2637 1983
2638 1985
2639 1987
2640 1991
2641 1993
2642 1993
2643 1981
2644 1987
2645 1991
2646 1995
2647 1981
2648 1983
2649 1991
2650 1991
2651 1995
2652 1987
2653 1995
2654 1983
2655 1983
2656 1987
2657 1979
2658 1987
2659 1975
2660 1989
2661 1969
2662 1995
2663 1981
2664 1989
2665 1979
2666 1987
2667 1973
2668 1971
2669 1973
2670 1975
2671 1975
2672 1979
2673 1979
2674 1985
2675 1979
2676 1985
2677 1977
2678 1981
2679 1985
2680 1985
2681 1975
2682 1985
2683 1979
2684 1981
2685 1967
2686 1969
2687 1973
2688 1983
2689 1969
2690 1983
2691 1963
2692 1989
2693 1967
2694 1981
2695 1965
2696 1969
2697 1975
2698 1975
2699 1983
2700 1971
2701 1983
2702 1973
2703 1977
2704 1979
2705 1971
2706 1979
2707 1975
2708 1979
2709 1975
2710 1977
2711 1973
2712 1977
2713 1965
2714 1965
2715 1977
2716 1967
2717 1965
2718 1971
2719 1977
2720 1967
2721 1975
2722 1975
2723 1967
2724 1971
2725 1959
2726 1965
2727 1971
2728 1961
2729 1973
2730 1961
2731 1963
2732 1967
2733 1965
2734 1959
2735 1959
2736 1961
2737 1949
2738 1963
2739 1955
2740 1965
2741 1961
2742 1967
2743 1959
2744 1965
2745 1963
2746 1963
2747 1961
2748 1959
2749 1959
2750 1965
2751 1961
2752 1959
2753 1959
2754 1963
2755 1961
2756 1959
2757 1955
2758 1959
2759 1949
2760 1953
2761 1953
2762 1949
2763 1949
2764 1953
2765 1949
2766 1951
2767 1947
2768 1949
2769 1953
2770 1953
2771 1945
2772 1951
2773 1951
2774 1949
2775 1951
2776 1955
2777 1947
2778 1959
2779 1947
2780 1953
2781 1941
2782 1951
2783 1943
2784 1945
2785 1949
2786 1947
2787 1945
2788 1941
2789 1953
2790 1949
2791 1945
2792 1949
2793 1945
2794 1953
2795 1941
2796 1949
2797 1947
2798 1941
2799 1941
2800 1941
2801 1945
2802 1943
2803 1945
2804 1941
2805 1947
2806 1943
2807 1951
2808 1943
2809 1941
2810 1947
2811 1939
2812 1937
2813 1943
2814 1939
2815 1945
2816 1947
2817 1945
2818 1945
2819 1941
2820 1939
2821 1935
2822 1937
2823 1937
2824 1945
2825 1939
2826 1941
2827 1933
2828 1945
2829 1933
2830 1943
2831 1941
2832 1943
2833 1943
2834 1939
2835 1929
2836 1939
2837 1925
2838 1933
2839 1925
2840 1931
2841 1939
2842 1933
2843 1939
2844 1935
2845 1929
2846 1927
2847 1933
2848 1935
2849 1935
2850 1933
2851 1937
2852 1929
2853 1925
2854 1933
2855 1927
2856 1929
2857 1931
2858 1923
2859 1933
2860 1925
2861 1931
2862 1929
2863 1931
2864 1927
2865 1929
2866 1925
2867 1921
2868 1923
2869 1919
2870 1923
2871 1921
2872 1929
2873 1929
2874 1935
2875 1937
2876 1929
2877 1929
2878 1925
2879 1923
2880 1923
2881 1917
2882 1927
2883 1915
2884 1927
2885 1919
2886 1925
2887 1927
2888 1919
2889 1921
2890 1925
2891 1927
2892 1929
2893 1927
2894 1923
2895 1913
2896 1925
2897 1915
2898 1923
2899 1915
2900 1921
2901 1923
2902 1919
2903 1913
2904 1915
2905 1917
2906 1923
2907 1921
2908 1921
2909 1921
2910 1915
2911 1923
2912 1917
2913 1927
2914 1915
2915 1917
2916 1913
2917 1919
2918 1911
2919 1917
2920 1915
2921 1925
2922 1916
2923 1919
2924 1917
2925 1914
2926 1915
2927 1911
2928 1917
2929 1919
2930 1917
2931 1913
2932 1913
2933 1917
2934 1913
2935 1917
2936 1909
2937 1909
2938 1909
2939 1907
2940 1919
2941 1913
2942 1913
2943 1911
2944 1913
2945 1913
2946 1911
2947 1913
2948 1915
2949 1913
2950 1915
2951 1913
2952 1919
2953 1911
2954 1919
2955 1911
2956 1923
2957 1907
2958 1917
2959 1911
2960 1917
2961 1909
2962 1915
2963 1915
2964 1917
2965 1915
2966 1917
2967 1915
2968 1917
2969 1913
2970 1913
2971 1905
2972 1915
2973 1911
2974 1909
2975 1905
2976 1905
2977 1901
2978 1909
2979 1909
2980 1909
2981 1907
2982 1901
2983 1909
2984 1903
2985 1907
2986 1903
2987 1903
2988 1901
2989 1905
2990 1901
2991 1903
2992 1903
2993 1907
2994 1903
2995 1909
2996 1901
2997 1907
2998 1905
2999 1913
3000 1903
3001 1909
3002 1899
3003 1907
3004 1901
3005 1905
3006 1901
3007 1907
3008 1901
3009 1901
3010 1905
3011 1907
3012 1903
3013 1905
3014 1905
3015 1905
3016 1899
3017 1897
3018 1901
3019 1901
3020 1897
3021 1903
3022 1901
3023 1895
3024 1895
3025 1893
3026 1897
3027 1895
3028 1897
3029 1895
3030 1899
3031 1897
3032 1895
3033 1899
3034 1899
3035 1897
3036 1893
3037 1889
3038 1891
3039 1889
3040 1889
3041 1885
3042 1891
3043 1887
3044 1895
3045 1893
3046 1895
3047 1891
3048 1895
3049 1899
3050 1893
3051 1893
3052 1887
3053 1887
3054 1889
3055 1889
3056 1891
3057 1891
3058 1893
3059 1889
3060 1891
3061 1895
3062 1891
3063 1895
3064 1893
3065 1891
3066 1893
3067 1889
3068 1893
3069 1891
3070 1891
3071 1885
3072 1887
3073 1881
3074 1885
3075 1881
3076 1885
3077 1883
3078 1881
3079 1881
3080 1883
3081 1881
3082 1883
3083 1879
3084 1885
3085 1879
3086 1881
3087 1879
3088 1877
3089 1879
3090 1875
3091 1873
3092 1879
3093 1871
3094 1871
3095 1873
3096 1869
3097 1873
3098 1863
3099 1875
3100 1865
3101 1867
3102 1861
3103 1859
3104 1863
3105 1859
3106 1859
3107 1859
3108 1857
3109 1855
3110 1854
3111 1853
3112 1855
3113 1851
3114 1847
3115 1845
3116 1845
3117 1845
3118 1839
3119 1843
3120 1839
3121 1839
3122 1837
3123 1837
3124 1835
3125 1831
3126 1831
3127 1835
3128 1829
3129 1827
3130 1825
3131 1829
3132 1823
3133 1825
3134 1823
3135 1825
3136 1819
3137 1817
3138 1815
3139 1815
3140 1815
3141 1815
3142 1811
3143 1809
3144 1811
3145 1805
3146 1805
3147 1805
3148 1803
3149 1801
3150 1799
3151 1801
3152 1800
3153 1797
3154 1797
3155 1795
3156 1795
3157 1791
3158 1793
3159 1791
3160 1791
3161 1789
3162 1789
3163 1785
3164 1787
3165 1783
3166 1785
3167 1783
3168 1781
3169 1781
3170 1781
3171 1777
3172 1777
3173 1775
3174 1779
3175 1777
3176 1775
3177 1771
3178 1775
3179 1771
3180 1771
3181 1767
3182 1771
3183 1769
3184 1767
3185 1767
3186 1767
3187 1763
3188 1765
3189 1761
3190 1765
3191 1761
3192 1763
3193 1761
3194 1759
3195 1759
3196 1759
3197 1755
3198 1755
3199 1755
3200 1755
3201 1755
3202 1755
3203 1753
3204 1753
3205 1753
3206 1751
3207 1751
3208 1749
3209 1749
3210 1751
3211 1749
3212 1747
3213 1747
3214 1749
3215 1745
3216 1745
3217 1745
3218 1745
3219 1741
3220 1745
3221 1743
3222 1743
3223 1739
3224 1741
3225 1741
3226 1741
3227 1739
3228 1739
3229 1737
3230 1739
3231 1737
3232 1737
3233 1737
3234 1737
3235 1735
3236 1735
3237 1735
3238 1733
3239 1731
3240 1733
3241 1731
3242 1733
3243 1731
3244 1733
3245 1733
3246 1733
3247 1731
3248 1729
3249 1733
3250 1731
3251 1721
3252 1731
3253 1729
3254 1729
3255 1727
3256 1727
3257 1729
3258 1727
3259 1725
3260 1727
3261 1725
3262 1725
3263 1723
3264 1723
3265 1725
3266 1725
3267 1721
3268 1723
3269 1721
3270 1721
3271 1721
3272 1723
3273 1721
3274 1725
3275 1719
3276 1721
3277 1723
3278 1723
3279 1719
3280 1721
3281 1721
3282 1719
3283 1717
3284 1721
3285 1717
3286 1719
3287 1719
3288 1721
3289 1717
3290 1717
3291 1715
3292 1721
3293 1715
3294 1717
3295 1717
3296 1719
3297 1715
3298 1713
3299 1716
3300 1717
3301 1715
3302 1715
3303 1711
3304 1715
3305 1713
3306 1715
3307 1713
3308 1715
3309 1713
3310 1715
3311 1715
3312 1715
3313 1711
3314 1713
3315 1713
3316 1713
3317 1711
3318 1711
3319 1713
3320 1713
3321 1709
3322 1711
3323 1711
3324 1711
3325 1709
3326 1709
3327 1709
3328 1709
3329 1709
3330 1711
3331 1707
3332 1709
3333 1709
3334 1709
3335 1707
3336 1709
3337 1707
3338 1707
3339 1705
3340 1707
3341 1705
3342 1705
3343 1705
3344 1707
3345 1705
3346 1709
3347 1705
3348 1705
3349 1705
3350 1707
3351 1707
3352 1707
3353 1703
3354 1707
3355 1704
3356 1705
3357 1703
3358 1707
3359 1703
3360 1703
3361 1703
3362 1705
3363 1703
3364 1705
3365 1701
3366 1703
3367 1703
3368 1703
3369 1699
3370 1701
3371 1701
3372 1701
3373 1703
3374 1705
3375 1701
3376 1705
3377 1703
3378 1703
3379 1701
3380 1701
3381 1701
3382 1701
3383 1701
3384 1701
3385 1701
3386 1703
3387 1698
3388 1699
3389 1701
3390 1701
3391 1699
3392 1701
3393 1701
3394 1701
3395 1699
3396 1699
3397 1699
3398 1697
3399 1697
3400 1699
3401 1697
3402 1699
3403 1697
3404 1697
3405 1697
3406 1699
3407 1697
3408 1699
3409 1699
3410 1697
3411 1697
3412 1697
3413 1697
3414 1697
3415 1697
3416 1697
3417 1697
3418 1697
3419 1695
3420 1699
3421 1697
3422 1697
3423 1693
3424 1697
3425 1696
3426 1697
3427 1693
3428 1695
3429 1693
3430 1697
3431 1693
3432 1697
3433 1694
3434 1697
3435 1695
3436 1697
3437 1693
3438 1695
3439 1693
3440 1695
3441 1693
3442 1695
3443 1693
3444 1695
3445 1693
3446 1693
3447 1693
3448 1695
3449 1693
3450 1693
3451 1691
3452 1693
3453 1693
3454 1693
3455 1691
3456 1695
3457 1691
3458 1693
3459 1691
3460 1695
3461 1693
3462 1693
3463 1691
3464 1693
3465 1691
3466 1693
3467 1691
3468 1693
3469 1691
3470 1691
3471 1689
3472 1693
3473 1689
3474 1691
3475 1689
3476 1691
3477 1691
3478 1691
3479 1691
3480 1693
3481 1689
3482 1691
3483 1693
3484 1693
3485 1689
3486 1691
3487 1691
3488 1691
3489 1689
3490 1689
3491 1689
3492 1691
3493 1689
3494 1689
3495 1689
3496 1691
3497 1689
3498 1689
3499 1691
3500 1691
3501 1689
3502 1689
3503 1687
3504 1689
3505 1689
3506 1687
3507 1689
3508 1691
3509 1689
3510 1689
3511 1691
3512 1691
3513 1687
3514 1689
3515 1689
3516 1689
3517 1687
3518 1689
3519 1689
3520 1689
3521 1687
3522 1689
3523 1687
3524 1687
3525 1687
3526 1687
3527 1689
3528 1687
3529 1685
3530 1687
3531 1685
3532 1687
3533 1687
3534 1687
3535 1687
3536 1689
3537 1685
3538 1687
3539 1687
3540 1687
3541 1685
3542 1689
3543 1685
3544 1687
3545 1685
3546 1687
3547 1689
3548 1685
3549 1685
3550 1687
3551 1685
3552 1685
3553 1685
3554 1687
3555 1685
3556 1687
3557 1683
3558 1687
3559 1683
3560 1685
3561 1685
3562 1687
3563 1683
3564 1685
3565 1681
3566 1685
3567 1681
3568 1685
3569 1683
3570 1683
3571 1681
3572 1685
3573 1683
3574 1687
3575 1683
3576 1683
3577 1685
3578 1685
3579 1681
3580 1685
3581 1683
3582 1683
3583 1683
3584 1683
3585 1681
3586 1683
3587 1683
3588 1685
3589 1685
3590 1685
3591 1683
3592 1685
3593 1683
3594 1685
3595 1681
3596 1683
3597 1685
3598 1683
3599 1683
3600 1683
3601 1683
3602 1683
3603 1681
3604 1681
3605 1681
3606 1683
3607 1681
3608 1685
3609 1681
3610 1683
3611 1681
3612 1683
3613 1681
3614 1681
3615 1681
3616 1681
3617 1681
3618 1681
3619 1681
3620 1685
3621 1681
3622 1681
3623 1679
3624 1685
3625 1681
3626 1681
3627 1679
3628 1683
3629 1679
3630 1681
3631 1681
3632 1683
3633 1679
3634 1681
3635 1679
3636 1681
3637 1679
3638 1681
3639 1679
3640 1681
3641 1679
3642 1681
3643 1679
3644 1681
3645 1677
3646 1680
3647 1681
3648 1680
3649 1679
3650 1681
3651 1681
3652 1681
3653 1677
3654 1679
3655 1681
3656 1679
3657 1679
3658 1681
3659 1681
3660 1677
3661 1675
3662 1679
3663 1685
3664 1681
3665 1677
3666 1679
3667 1679
3668 1679
3669 1677
3670 1679
3671 1679
3672 1680
3673 1677
3674 1681
3675 1679
3676 1681
3677 1679
3678 1679
3679 1679
3680 1679
3681 1677
3682 1679
3683 1679
3684 1679
3685 1677
3686 1679
3687 1677
3688 1679
3689 1677
3690 1679
3691 1677
3692 1677
3693 1677
3694 1679
