#Data from the TCD1304 linear CCD
#column 1 = pixelnumber , column 2 = pixelvalue
#Pixel 1-32 and 3679-3694 and are dummy pixels
#SH-period: 200    ICG-period: 100000    Integration time: 100.0 us
2 4089
3 4083
4 4095
5 4095
6 4095
7 4095
8 4095
9 4095
10 4095
11 4095
12 4095
13 4095
14 4095
15 4095
16 4095
17 4095
18 4095
19 4095
20 4095
21 4095
22 4095
23 4095
24 4095
25 4095
26 4095
27 4095
28 4095
29 4095
30 4095
31 4095
32 3041
34 2213
35 2215
36 2219
37 2207
38 2231
39 2213
40 2207
41 2221
42 2219
43 2205
44 2201
45 2215
46 2201
47 2208
48 2223
49 2203
50 2207
51 2217
52 2194
53 2209
54 2193
55 2211
56 2218
57 2187
58 2200
59 2183
60 2193
61 2176
62 2192
63 2199
64 2204
65 2195
66 2185
67 2181
68 2184
69 2178
70 2185
71 2171
72 2169
73 2171
74 2159
75 2155
76 2171
77 2157
78 2163
79 2176
80 2176
81 2187
82 2179
83 2171
84 2165
85 2185
86 2191
87 2183
88 2193
89 2183
90 2195
91 2181
92 2185
93 2189
94 2183
95 2193
96 2195
97 2185
98 2183
99 2177
100 2181
101 2189
102 2161
103 2176
104 2183
105 2185
106 2183
107 2193
108 2187
109 2193
110 2181
111 2189
112 2172
113 2192
114 2184
115 2191
116 2185
117 2180
118 2192
119 2183
120 2189
121 2187
122 2183
123 2191
124 2195
125 2199
126 2181
127 2171
128 2189
129 2192
130 2191
131 2187
132 2181
133 2185
134 2173
135 2176
136 2196
137 2181
138 2187
139 2201
140 2179
141 2179
142 2189
143 2191
144 2192
145 2171
146 2191
147 2193
148 2188
149 2184
150 2197
151 2185
152 2197
153 2181
154 2203
155 2205
156 2197
157 2195
158 2201
159 2187
160 2197
161 2212
162 2189
163 2203
164 2207
165 2191
166 2185
167 2190
168 2201
169 2202
170 2200
171 2201
172 2190
173 2195
174 2188
175 2197
176 2181
177 2167
178 2184
179 2175
180 2177
181 2191
182 2181
183 2187
184 2175
185 2177
186 2183
187 2177
188 2176
189 2184
190 2177
191 2189
192 2192
193 2205
194 2195
195 2186
196 2195
197 2177
198 2178
199 2185
200 2179
201 2177
202 2167
203 2169
204 2172
205 2163
206 2167
207 2173
208 2165
209 2176
210 2177
211 2185
212 2169
213 2191
214 2177
215 2167
216 2179
217 2183
218 2181
219 2193
220 2189
221 2185
222 2189
223 2195
224 2187
225 2187
226 2207
227 2197
228 2203
229 2189
230 2207
231 2203
232 2211
233 2223
234 2219
235 2207
236 2217
237 2221
238 2221
239 2213
240 2229
241 2221
242 2211
243 2208
244 2209
245 2207
246 2209
247 2193
248 2199
249 2181
250 2189
251 2188
252 2169
253 2183
254 2183
255 2175
256 2187
257 2170
258 2197
259 2179
260 2191
261 2169
262 2178
263 2169
264 2181
265 2169
266 2179
267 2168
268 2166
269 2179
270 2173
271 2167
272 2181
273 2165
274 2173
275 2171
276 2164
277 2171
278 2157
279 2167
280 2163
281 2168
282 2163
283 2163
284 2175
285 2173
286 2169
287 2179
288 2156
289 2158
290 2168
291 2159
292 2187
293 2172
294 2159
295 2145
296 2165
297 2173
298 2171
299 2179
300 2177
301 2171
302 2193
303 2179
304 2173
305 2193
306 2177
307 2185
308 2177
309 2183
310 2180
311 2189
312 2197
313 2193
314 2187
315 2185
316 2181
317 2189
318 2197
319 2191
320 2184
321 2185
322 2197
323 2179
324 2191
325 2207
326 2189
327 2185
328 2185
329 2184
330 2185
331 2184
332 2185
333 2177
334 2189
335 2188
336 2179
337 2187
338 2171
339 2197
340 2191
341 2189
342 2179
343 2189
344 2173
345 2187
346 2189
347 2191
348 2189
349 2195
350 2201
351 2193
352 2183
353 2205
354 2196
355 2206
356 2205
357 2219
358 2215
359 2213
360 2218
361 2221
362 2218
363 2233
364 2219
365 2219
366 2236
367 2229
368 2235
369 2227
370 2231
371 2213
372 2223
373 2233
374 2229
375 2207
376 2221
377 2221
378 2215
379 2222
380 2204
381 2213
382 2217
383 2205
384 2201
385 2209
386 2193
387 2188
388 2195
389 2199
390 2183
391 2177
392 2183
393 2201
394 2181
395 2177
396 2193
397 2187
398 2188
399 2199
400 2189
401 2187
402 2193
403 2197
404 2181
405 2196
406 2211
407 2197
408 2196
409 2199
410 2203
411 2201
412 2205
413 2197
414 2207
415 2201
416 2195
417 2201
418 2192
419 2191
420 2201
421 2213
422 2196
423 2211
424 2197
425 2208
426 2194
427 2195
428 2197
429 2197
430 2205
431 2221
432 2205
433 2192
434 2216
435 2209
436 2191
437 2207
438 2208
439 2205
440 2209
441 2201
442 2199
443 2216
444 2209
445 2217
446 2201
447 2197
448 2217
449 2207
450 2188
451 2199
452 2209
453 2196
454 2210
455 2193
456 2219
457 2201
458 2200
459 2189
460 2197
461 2184
462 2193
463 2191
464 2201
465 2193
466 2193
467 2185
468 2179
469 2183
470 2175
471 2189
472 2189
473 2193
474 2193
475 2191
476 2195
477 2207
478 2193
479 2201
480 2214
481 2223
482 2231
483 2214
484 2231
485 2234
486 2243
487 2243
488 2236
489 2239
490 2235
491 2225
492 2225
493 2217
494 2235
495 2222
496 2221
497 2209
498 2219
499 2226
500 2217
501 2211
502 2205
503 2224
504 2208
505 2215
506 2205
507 2211
508 2205
509 2195
510 2195
511 2193
512 2197
513 2188
514 2195
515 2205
516 2189
517 2191
518 2189
519 2204
520 2181
521 2197
522 2193
523 2200
524 2213
525 2189
526 2211
527 2203
528 2199
529 2207
530 2209
531 2209
532 2209
533 2212
534 2210
535 2203
536 2217
537 2217
538 2215
539 2215
540 2221
541 2222
542 2229
543 2231
544 2229
545 2213
546 2217
547 2215
548 2225
549 2221
550 2213
551 2209
552 2187
553 2201
554 2195
555 2209
556 2205
557 2215
558 2203
559 2203
560 2201
561 2197
562 2207
563 2201
564 2207
565 2203
566 2189
567 2205
568 2201
569 2192
570 2193
571 2181
572 2188
573 2208
574 2187
575 2179
576 2181
577 2193
578 2195
579 2201
580 2191
581 2203
582 2197
583 2197
584 2203
585 2215
586 2210
587 2200
588 2205
589 2217
590 2216
591 2207
592 2217
593 2209
594 2207
595 2213
596 2217
597 2210
598 2207
599 2216
600 2207
601 2209
602 2201
603 2215
604 2219
605 2225
606 2229
607 2207
608 2223
609 2223
610 2221
611 2219
612 2227
613 2225
614 2209
615 2215
616 2225
617 2215
618 2211
619 2201
620 2201
621 2207
622 2207
623 2199
624 2199
625 2193
626 2197
627 2179
628 2179
629 2183
630 2195
631 2183
632 2187
633 2173
634 2181
635 2177
636 2187
637 2183
638 2183
639 2184
640 2179
641 2193
642 2181
643 2189
644 2199
645 2195
646 2200
647 2197
648 2193
649 2191
650 2203
651 2183
652 2191
653 2211
654 2204
655 2197
656 2205
657 2210
658 2209
659 2201
660 2210
661 2208
662 2227
663 2206
664 2230
665 2205
666 2229
667 2237
668 2219
669 2233
670 2217
671 2219
672 2231
673 2231
674 2247
675 2238
676 2239
677 2225
678 2235
679 2239
680 2235
681 2237
682 2223
683 2233
684 2230
685 2217
686 2225
687 2217
688 2222
689 2225
690 2219
691 2224
692 2215
693 2215
694 2215
695 2208
696 2213
697 2215
698 2211
699 2225
700 2223
701 2227
702 2212
703 2221
704 2233
705 2221
706 2220
707 2225
708 2224
709 2221
710 2235
711 2223
712 2223
713 2223
714 2221
715 2223
716 2213
717 2229
718 2233
719 2229
720 2239
721 2237
722 2231
723 2233
724 2237
725 2241
726 2243
727 2242
728 2223
729 2239
730 2247
731 2253
732 2243
733 2235
734 2253
735 2251
736 2245
737 2251
738 2243
739 2246
740 2240
741 2247
742 2245
743 2264
744 2255
745 2255
746 2259
747 2273
748 2263
749 2257
750 2267
751 2265
752 2257
753 2271
754 2253
755 2271
756 2249
757 2257
758 2260
759 2264
760 2259
761 2261
762 2263
763 2263
764 2283
765 2279
766 2263
767 2267
768 2271
769 2283
770 2273
771 2277
772 2259
773 2275
774 2267
775 2273
776 2267
777 2273
778 2265
779 2253
780 2267
781 2267
782 2266
783 2277
784 2255
785 2255
786 2261
787 2271
788 2259
789 2263
790 2265
791 2271
792 2291
793 2269
794 2289
795 2285
796 2286
797 2280
798 2293
799 2293
800 2265
801 2287
802 2271
803 2281
804 2281
805 2279
806 2288
807 2295
808 2291
809 2295
810 2305
811 2291
812 2303
813 2311
814 2311
815 2313
816 2295
817 2299
818 2304
819 2293
820 2297
821 2304
822 2301
823 2301
824 2292
825 2307
826 2305
827 2305
828 2297
829 2301
830 2305
831 2307
832 2304
833 2313
834 2313
835 2313
836 2305
837 2303
838 2309
839 2311
840 2309
841 2319
842 2315
843 2323
844 2307
845 2311
846 2311
847 2319
848 2301
849 2317
850 2311
851 2327
852 2315
853 2301
854 2319
855 2315
856 2317
857 2309
858 2323
859 2321
860 2317
861 2319
862 2323
863 2317
864 2309
865 2315
866 2313
867 2320
868 2301
869 2317
870 2321
871 2306
872 2305
873 2309
874 2319
875 2325
876 2324
877 2317
878 2319
879 2313
880 2321
881 2321
882 2324
883 2323
884 2326
885 2327
886 2323
887 2332
888 2329
889 2327
890 2336
891 2329
892 2336
893 2323
894 2333
895 2328
896 2333
897 2341
898 2335
899 2329
900 2336
901 2347
902 2335
903 2329
904 2339
905 2343
906 2347
907 2331
908 2333
909 2337
910 2347
911 2333
912 2337
913 2346
914 2343
915 2347
916 2346
917 2345
918 2353
919 2337
920 2353
921 2339
922 2355
923 2353
924 2349
925 2361
926 2341
927 2345
928 2355
929 2351
930 2353
931 2347
932 2369
933 2367
934 2357
935 2359
936 2362
937 2364
938 2369
939 2368
940 2375
941 2363
942 2367
943 2369
944 2362
945 2365
946 2371
947 2357
948 2361
949 2357
950 2373
951 2373
952 2384
953 2369
954 2359
955 2359
956 2369
957 2369
958 2362
959 2365
960 2361
961 2357
962 2351
963 2368
964 2365
965 2367
966 2357
967 2349
968 2355
969 2357
970 2357
971 2357
972 2355
973 2349
974 2351
975 2347
976 2349
977 2353
978 2368
979 2347
980 2349
981 2357
982 2368
983 2363
984 2367
985 2363
986 2368
987 2361
988 2363
989 2361
990 2375
991 2368
992 2383
993 2381
994 2375
995 2384
996 2383
997 2376
998 2391
999 2389
1000 2385
1001 2387
1002 2389
1003 2392
1004 2387
1005 2385
1006 2383
1007 2391
1008 2397
1009 2385
1010 2384
1011 2387
1012 2399
1013 2396
1014 2386
1015 2395
1016 2388
1017 2401
1018 2405
1019 2399
1020 2401
1021 2399
1022 2383
1023 2411
1024 2408
1025 2421
1026 2391
1027 2397
1028 2405
1029 2401
1030 2405
1031 2417
1032 2401
1033 2415
1034 2406
1035 2399
1036 2407
1037 2425
1038 2425
1039 2409
1040 2419
1041 2421
1042 2419
1043 2419
1044 2417
1045 2413
1046 2425
1047 2413
1048 2419
1049 2419
1050 2415
1051 2415
1052 2415
1053 2417
1054 2413
1055 2397
1056 2411
1057 2409
1058 2409
1059 2401
1060 2411
1061 2397
1062 2417
1063 2395
1064 2407
1065 2403
1066 2393
1067 2389
1068 2395
1069 2405
1070 2399
1071 2399
1072 2413
1073 2395
1074 2402
1075 2399
1076 2406
1077 2409
1078 2401
1079 2403
1080 2403
1081 2396
1082 2415
1083 2407
1084 2407
1085 2403
1086 2401
1087 2405
1088 2391
1089 2391
1090 2380
1091 2398
1092 2392
1093 2389
1094 2391
1095 2397
1096 2387
1097 2379
1098 2391
1099 2409
1100 2392
1101 2387
1102 2393
1103 2401
1104 2401
1105 2402
1106 2399
1107 2411
1108 2397
1109 2407
1110 2407
1111 2391
1112 2386
1113 2393
1114 2405
1115 2398
1116 2387
1117 2397
1118 2405
1119 2397
1120 2399
1121 2389
1122 2413
1123 2399
1124 2407
1125 2407
1126 2403
1127 2401
1128 2411
1129 2410
1130 2417
1131 2413
1132 2398
1133 2406
1134 2407
1135 2421
1136 2421
1137 2401
1138 2409
1139 2407
1140 2397
1141 2395
1142 2413
1143 2403
1144 2399
1145 2405
1146 2395
1147 2395
1148 2391
1149 2384
1150 2391
1151 2383
1152 2377
1153 2375
1154 2381
1155 2381
1156 2379
1157 2385
1158 2381
1159 2385
1160 2373
1161 2377
1162 2385
1163 2377
1164 2360
1165 2391
1166 2383
1167 2364
1168 2371
1169 2359
1170 2355
1171 2372
1172 2357
1173 2365
1174 2359
1175 2360
1176 2363
1177 2365
1178 2359
1179 2355
1180 2365
1181 2355
1182 2358
1183 2331
1184 2347
1185 2353
1186 2357
1187 2351
1188 2343
1189 2345
1190 2349
1191 2360
1192 2341
1193 2346
1194 2341
1195 2353
1196 2346
1197 2333
1198 2346
1199 2351
1200 2352
1201 2349
1202 2345
1203 2345
1204 2347
1205 2341
1206 2332
1207 2345
1208 2341
1209 2347
1210 2339
1211 2329
1212 2323
1213 2319
1214 2331
1215 2339
1216 2324
1217 2331
1218 2333
1219 2333
1220 2321
1221 2319
1222 2307
1223 2311
1224 2321
1225 2313
1226 2311
1227 2301
1228 2313
1229 2311
1230 2293
1231 2304
1232 2295
1233 2299
1234 2293
1235 2293
1236 2295
1237 2293
1238 2298
1239 2281
1240 2293
1241 2293
1242 2301
1243 2291
1244 2284
1245 2281
1246 2283
1247 2291
1248 2271
1249 2288
1250 2267
1251 2263
1252 2267
1253 2273
1254 2293
1255 2276
1256 2270
1257 2269
1258 2264
1259 2273
1260 2276
1261 2279
1262 2277
1263 2273
1264 2288
1265 2277
1266 2275
1267 2267
1268 2267
1269 2277
1270 2280
1271 2273
1272 2271
1273 2272
1274 2256
1275 2253
1276 2277
1277 2263
1278 2259
1279 2263
1280 2263
1281 2249
1282 2257
1283 2263
1284 2265
1285 2253
1286 2263
1287 2246
1288 2263
1289 2267
1290 2256
1291 2245
1292 2245
1293 2253
1294 2251
1295 2255
1296 2248
1297 2244
1298 2235
1299 2233
1300 2231
1301 2225
1302 2219
1303 2221
1304 2222
1305 2225
1306 2211
1307 2215
1308 2213
1309 2209
1310 2221
1311 2209
1312 2211
1313 2219
1314 2216
1315 2209
1316 2201
1317 2219
1318 2205
1319 2215
1320 2205
1321 2203
1322 2205
1323 2183
1324 2195
1325 2181
1326 2197
1327 2191
1328 2191
1329 2179
1330 2187
1331 2165
1332 2174
1333 2159
1334 2185
1335 2169
1336 2178
1337 2169
1338 2159
1339 2173
1340 2169
1341 2154
1342 2155
1343 2160
1344 2172
1345 2167
1346 2150
1347 2152
1348 2137
1349 2132
1350 2135
1351 2133
1352 2123
1353 2135
1354 2142
1355 2109
1356 2125
1357 2111
1358 2119
1359 2109
1360 2103
1361 2099
1362 2097
1363 2101
1364 2089
1365 2086
1366 2091
1367 2081
1368 2089
1369 2075
1370 2078
1371 2054
1372 2063
1373 2055
1374 2052
1375 2045
1376 2044
1377 2049
1378 2043
1379 2041
1380 2052
1381 2039
1382 2033
1383 2033
1384 2031
1385 2032
1386 2012
1387 2009
1388 2005
1389 2005
1390 1989
1391 1983
1392 1999
1393 1969
1394 1987
1395 1967
1396 1967
1397 1953
1398 1949
1399 1953
1400 1941
1401 1943
1402 1941
1403 1929
1404 1936
1405 1918
1406 1909
1407 1905
1408 1907
1409 1894
1410 1889
1411 1891
1412 1877
1413 1873
1414 1869
1415 1867
1416 1863
1417 1859
1418 1855
1419 1850
1420 1843
1421 1845
1422 1841
1423 1839
1424 1833
1425 1831
1426 1826
1427 1824
1428 1821
1429 1815
1430 1815
1431 1809
1432 1805
1433 1801
1434 1801
1435 1795
1436 1795
1437 1789
1438 1789
1439 1783
1440 1785
1441 1781
1442 1777
1443 1775
1444 1773
1445 1769
1446 1767
1447 1765
1448 1766
1449 1763
1450 1763
1451 1759
1452 1757
1453 1755
1454 1755
1455 1754
1456 1753
1457 1750
1458 1750
1459 1747
1460 1750
1461 1744
1462 1746
1463 1742
1464 1741
1465 1739
1466 1742
1467 1737
1468 1739
1469 1734
1470 1737
1471 1733
1472 1734
1473 1735
1474 1731
1475 1731
1476 1731
1477 1729
1478 1729
1479 1726
1480 1727
1481 1726
1482 1725
1483 1724
1484 1724
1485 1723
1486 1723
1487 1722
1488 1726
1489 1721
1490 1721
1491 1719
1492 1723
1493 1719
1494 1719
1495 1717
1496 1719
1497 1715
1498 1717
1499 1715
1500 1715
1501 1713
1502 1715
1503 1712
1504 1713
1505 1711
1506 1713
1507 1709
1508 1713
1509 1710
1510 1714
1511 1711
1512 1709
1513 1709
1514 1713
1515 1707
1516 1709
1517 1707
1518 1708
1519 1707
1520 1705
1521 1706
1522 1706
1523 1705
1524 1706
1525 1705
1526 1705
1527 1703
1528 1705
1529 1705
1530 1706
1531 1701
1532 1703
1533 1702
1534 1703
1535 1701
1536 1701
1537 1699
1538 1701
1539 1699
1540 1701
1541 1700
1542 1702
1543 1697
1544 1701
1545 1699
1546 1700
1547 1698
1548 1701
1549 1697
1550 1699
1551 1697
1552 1697
1553 1697
1554 1697
1555 1697
1556 1697
1557 1695
1558 1699
1559 1696
1560 1697
1561 1695
1562 1695
1563 1693
1564 1693
1565 1693
1566 1697
1567 1693
1568 1695
1569 1693
1570 1694
1571 1691
1572 1693
1573 1691
1574 1693
1575 1691
1576 1693
1577 1692
1578 1693
1579 1689
1580 1693
1581 1689
1582 1691
1583 1691
1584 1692
1585 1691
1586 1693
1587 1688
1588 1691
1589 1689
1590 1691
1591 1689
1592 1689
1593 1687
1594 1690
1595 1687
1596 1691
1597 1687
1598 1689
1599 1687
1600 1689
1601 1687
1602 1687
1603 1687
1604 1688
1605 1687
1606 1687
1607 1685
1608 1687
1609 1684
1610 1687
1611 1686
1612 1687
1613 1685
1614 1687
1615 1685
1616 1686
1617 1685
1618 1685
1619 1683
1620 1685
1621 1683
1622 1687
1623 1686
1624 1685
1625 1683
1626 1684
1627 1683
1628 1685
1629 1683
1630 1684
1631 1683
1632 1685
1633 1685
1634 1683
1635 1683
1636 1685
1637 1682
1638 1682
1639 1681
1640 1684
1641 1681
1642 1683
1643 1680
1644 1683
1645 1681
1646 1683
1647 1680
1648 1683
1649 1681
1650 1683
1651 1683
1652 1683
1653 1680
1654 1681
1655 1681
1656 1682
1657 1680
1658 1681
1659 1681
1660 1681
1661 1679
1662 1680
1663 1680
1664 1681
1665 1679
1666 1681
1667 1677
1668 1680
1669 1677
1670 1681
1671 1678
1672 1679
1673 1677
1674 1680
1675 1677
1676 1678
1677 1677
1678 1679
1679 1677
1680 1679
1681 1679
1682 1679
1683 1677
1684 1678
1685 1678
1686 1679
1687 1676
1688 1677
1689 1675
1690 1677
1691 1676
1692 1679
1693 1677
1694 1677
1695 1675
1696 1676
1697 1674
1698 1679
1699 1677
1700 1678
1701 1675
1702 1679
1703 1676
1704 1677
1705 1675
1706 1677
1707 1673
1708 1675
1709 1673
1710 1676
1711 1675
1712 1677
1713 1675
1714 1677
1715 1675
1716 1675
1717 1675
1718 1676
1719 1674
1720 1676
1721 1674
1722 1673
1723 1675
1724 1674
1725 1674
1726 1675
1727 1673
1728 1674
1729 1673
1730 1675
1731 1673
1732 1673
1733 1673
1734 1675
1735 1672
1736 1675
1737 1673
1738 1673
1739 1673
1740 1676
1741 1673
1742 1674
1743 1673
1744 1674
1745 1672
1746 1673
1747 1671
1748 1673
1749 1672
1750 1673
1751 1673
1752 1673
1753 1671
1754 1673
1755 1671
1756 1673
1757 1671
1758 1675
1759 1671
1760 1673
1761 1671
1762 1673
1763 1671
1764 1673
1765 1670
1766 1671
1767 1669
1768 1671
1769 1669
1770 1671
1771 1670
1772 1673
1773 1673
1774 1672
1775 1670
1776 1671
1777 1673
1778 1671
1779 1669
1780 1671
1781 1670
1782 1671
1783 1668
1784 1670
1785 1669
1786 1669
1787 1668
1788 1670
1789 1668
1790 1670
1791 1669
1792 1671
1793 1669
1794 1669
1795 1669
1796 1671
1797 1668
1798 1669
1799 1668
1800 1670
1801 1669
1802 1669
1803 1669
1804 1671
1805 1667
1806 1669
1807 1669
1808 1669
1809 1667
1810 1670
1811 1667
1812 1668
1813 1667
1814 1669
1815 1667
1816 1667
1817 1667
1818 1671
1819 1667
1820 1669
1821 1667
1822 1667
1823 1667
1824 1669
1825 1667
1826 1669
1827 1665
1828 1668
1829 1667
1830 1668
1831 1667
1832 1668
1833 1667
1834 1667
1835 1666
1836 1667
1837 1665
1838 1668
1839 1666
1840 1667
1841 1666
1842 1668
1843 1665
1844 1667
1845 1667
1846 1667
1847 1665
1848 1669
1849 1666
1850 1667
1851 1664
1852 1667
1853 1665
1854 1667
1855 1666
1856 1667
1857 1664
1858 1667
1859 1665
1860 1667
1861 1665
1862 1667
1863 1667
1864 1667
1865 1665
1866 1667
1867 1667
1868 1665
1869 1663
1870 1665
1871 1664
1872 1665
1873 1666
1874 1668
1875 1665
1876 1665
1877 1666
1878 1666
1879 1663
1880 1667
1881 1665
1882 1665
1883 1663
1884 1664
1885 1664
1886 1665
1887 1664
1888 1667
1889 1664
1890 1665
1891 1664
1892 1666
1893 1664
1894 1665
1895 1663
1896 1664
1897 1662
1898 1665
1899 1665
1900 1664
1901 1663
1902 1664
1903 1664
1904 1663
1905 1663
1906 1663
1907 1664
1908 1665
1909 1664
1910 1665
1911 1663
1912 1664
1913 1662
1914 1664
1915 1663
1916 1663
1917 1661
1918 1663
1919 1661
1920 1663
1921 1661
1922 1663
1923 1663
1924 1663
1925 1663
1926 1665
1927 1661
1928 1663
1929 1665
1930 1664
1931 1662
1932 1662
1933 1663
1934 1662
1935 1661
1936 1663
1937 1661
1938 1661
1939 1661
1940 1663
1941 1662
1942 1663
1943 1661
1944 1664
1945 1662
1946 1663
1947 1660
1948 1662
1949 1660
1950 1663
1951 1662
1952 1662
1953 1661
1954 1662
1955 1660
1956 1661
1957 1658
1958 1663
1959 1662
1960 1664
1961 1661
1962 1661
1963 1660
1964 1661
1965 1660
1966 1662
1967 1661
1968 1661
1969 1660
1970 1663
1971 1661
1972 1660
1973 1660
1974 1661
1975 1659
1976 1660
1977 1659
1978 1662
1979 1659
1980 1661
1981 1661
1982 1661
1983 1660
1984 1661
1985 1661
1986 1661
1987 1659
1988 1661
1989 1661
1990 1661
1991 1658
1992 1661
1993 1659
1994 1660
1995 1659
1996 1661
1997 1658
1998 1660
1999 1659
2000 1662
2001 1660
2002 1661
2003 1659
2004 1660
2005 1659
2006 1659
2007 1659
2008 1660
2009 1659
2010 1659
2011 1657
2012 1659
2013 1657
2014 1660
2015 1659
2016 1661
2017 1659
2018 1660
2019 1657
2020 1659
2021 1658
2022 1661
2023 1659
2024 1659
2025 1658
2026 1660
2027 1659
2028 1659
2029 1657
2030 1659
2031 1657
2032 1659
2033 1657
2034 1659
2035 1659
2036 1659
2037 1659
2038 1659
2039 1657
2040 1658
2041 1659
2042 1659
2043 1658
2044 1658
2045 1659
2046 1659
2047 1657
2048 1659
2049 1660
2050 1659
2051 1657
2052 1659
2053 1657
2054 1658
2055 1657
2056 1658
2057 1657
2058 1659
2059 1659
2060 1659
2061 1657
2062 1657
2063 1659
2064 1659
2065 1657
2066 1661
2067 1656
2068 1657
2069 1657
2070 1658
2071 1654
2072 1656
2073 1657
2074 1659
2075 1657
2076 1657
2077 1657
2078 1659
2079 1656
2080 1659
2081 1656
2082 1659
2083 1655
2084 1656
2085 1656
2086 1657
2087 1656
2088 1657
2089 1656
2090 1657
2091 1657
2092 1657
2093 1655
2094 1657
2095 1655
2096 1657
2097 1657
2098 1659
2099 1655
2100 1657
2101 1657
2102 1657
2103 1655
2104 1657
2105 1657
2106 1657
2107 1655
2108 1658
2109 1655
2110 1657
2111 1655
2112 1657
2113 1655
2114 1656
2115 1657
2116 1656
2117 1655
2118 1657
2119 1655
2120 1657
2121 1655
2122 1655
2123 1657
2124 1655
2125 1656
2126 1657
2127 1655
2128 1655
2129 1655
2130 1655
2131 1654
2132 1655
2133 1655
2134 1656
2135 1655
2136 1655
2137 1654
2138 1655
2139 1653
2140 1656
2141 1656
2142 1655
2143 1653
2144 1657
2145 1655
2146 1655
2147 1653
2148 1655
2149 1653
2150 1656
2151 1653
2152 1655
2153 1654
2154 1656
2155 1654
2156 1655
2157 1655
2158 1654
2159 1653
2160 1657
2161 1654
2162 1655
2163 1655
2164 1657
2165 1654
2166 1655
2167 1655
2168 1655
2169 1653
2170 1655
2171 1654
2172 1654
2173 1653
2174 1655
2175 1653
2176 1653
2177 1653
2178 1657
2179 1655
2180 1653
2181 1653
2182 1655
2183 1654
2184 1653
2185 1655
2186 1655
2187 1653
2188 1655
2189 1654
2190 1655
2191 1653
2192 1654
2193 1653
2194 1653
2195 1653
2196 1655
2197 1651
2198 1655
2199 1653
2200 1655
2201 1653
2202 1655
2203 1653
2204 1655
2205 1653
2206 1654
2207 1652
2208 1653
2209 1653
2210 1655
2211 1653
2212 1655
2213 1653
2214 1653
2215 1654
2216 1654
2217 1653
2218 1654
2219 1651
2220 1653
2221 1653
2222 1653
2223 1653
2224 1654
2225 1653
2226 1655
2227 1653
2228 1654
2229 1653
2230 1656
2231 1653
2232 1653
2233 1653
2234 1653
2235 1652
2236 1651
2237 1653
2238 1654
2239 1653
2240 1653
2241 1653
2242 1653
2243 1651
2244 1654
2245 1653
2246 1653
2247 1651
2248 1655
2249 1653
2250 1653
2251 1651
2252 1652
2253 1650
2254 1653
2255 1652
2256 1652
2257 1651
2258 1655
2259 1653
2260 1653
2261 1651
2262 1655
2263 1652
2264 1653
2265 1652
2266 1653
2267 1651
2268 1653
2269 1651
2270 1653
2271 1651
2272 1652
2273 1653
2274 1653
2275 1653
2276 1653
2277 1651
2278 1652
2279 1651
2280 1653
2281 1651
2282 1651
2283 1651
2284 1652
2285 1653
2286 1653
2287 1652
2288 1654
2289 1651
2290 1653
2291 1651
2292 1653
2293 1651
2294 1652
2295 1651
2296 1651
2297 1649
2298 1652
2299 1651
2300 1653
2301 1651
2302 1653
2303 1651
2304 1653
2305 1652
2306 1651
2307 1650
2308 1652
2309 1649
2310 1651
2311 1651
2312 1651
2313 1649
2314 1651
2315 1650
2316 1651
2317 1650
2318 1651
2319 1651
2320 1651
2321 1650
2322 1651
2323 1650
2324 1651
2325 1649
2326 1651
2327 1650
2328 1653
2329 1651
2330 1652
2331 1651
2332 1653
2333 1651
2334 1651
2335 1651
2336 1651
2337 1650
2338 1651
2339 1649
2340 1652
2341 1651
2342 1650
2343 1652
2344 1651
2345 1650
2346 1651
2347 1649
2348 1653
2349 1649
2350 1651
2351 1649
2352 1651
2353 1649
2354 1653
2355 1650
2356 1652
2357 1650
2358 1653
2359 1651
2360 1651
2361 1649
2362 1650
2363 1649
2364 1650
2365 1651
2366 1651
2367 1649
2368 1652
2369 1649
2370 1650
2371 1649
2372 1649
2373 1649
2374 1649
2375 1649
2376 1649
2377 1649
2378 1651
2379 1650
2380 1651
2381 1654
2382 1651
2383 1649
2384 1650
2385 1649
2386 1649
2387 1649
2388 1649
2389 1649
2390 1650
2391 1649
2392 1649
2393 1650
2394 1651
2395 1649
2396 1649
2397 1647
2398 1649
2399 1648
2400 1649
2401 1649
2402 1649
2403 1649
2404 1651
2405 1649
2406 1649
2407 1650
2408 1651
2409 1648
2410 1650
2411 1648
2412 1651
2413 1649
2414 1651
2415 1649
2416 1650
2417 1648
2418 1650
2419 1649
2420 1649
2421 1648
2422 1649
2423 1649
2424 1648
2425 1649
2426 1650
2427 1649
2428 1649
2429 1647
2430 1648
2431 1648
2432 1651
2433 1649
2434 1649
2435 1647
2436 1651
2437 1649
2438 1649
2439 1647
2440 1649
2441 1648
2442 1649
2443 1647
2444 1649
2445 1648
2446 1649
2447 1647
2448 1649
2449 1649
2450 1649
2451 1648
2452 1649
2453 1647
2454 1648
2455 1647
2456 1650
2457 1649
2458 1649
2459 1647
2460 1649
2461 1648
2462 1647
2463 1649
2464 1649
2465 1647
2466 1649
2467 1648
2468 1649
2469 1647
2470 1648
2471 1647
2472 1647
2473 1647
2474 1648
2475 1648
2476 1649
2477 1649
2478 1649
2479 1648
2480 1649
2481 1649
2482 1649
2483 1649
2484 1649
2485 1649
2486 1649
2487 1646
2488 1647
2489 1647
2490 1648
2491 1646
2492 1649
2493 1647
2494 1649
2495 1647
2496 1649
2497 1648
2498 1649
2499 1647
2500 1648
2501 1647
2502 1647
2503 1645
2504 1648
2505 1648
2506 1648
2507 1647
2508 1649
2509 1647
2510 1649
2511 1647
2512 1647
2513 1647
2514 1647
2515 1648
2516 1647
2517 1647
2518 1647
2519 1646
2520 1647
2521 1647
2522 1647
2523 1647
2524 1648
2525 1647
2526 1648
2527 1646
2528 1647
2529 1647
2530 1649
2531 1647
2532 1647
2533 1646
2534 1649
2535 1647
2536 1647
2537 1646
2538 1648
2539 1647
2540 1647
2541 1649
2542 1648
2543 1646
2544 1647
2545 1649
2546 1647
2547 1645
2548 1647
2549 1647
2550 1647
2551 1645
2552 1647
2553 1646
2554 1648
2555 1647
2556 1649
2557 1646
2558 1647
2559 1646
2560 1650
2561 1645
2562 1648
2563 1645
2564 1647
2565 1645
2566 1647
2567 1648
2568 1648
2569 1647
2570 1647
2571 1647
2572 1645
2573 1647
2574 1647
2575 1645
2576 1647
2577 1645
2578 1647
2579 1647
2580 1647
2581 1645
2582 1647
2583 1645
2584 1646
2585 1646
2586 1647
2587 1647
2588 1647
2589 1645
2590 1646
2591 1646
2592 1646
2593 1646
2594 1649
2595 1647
2596 1647
2597 1647
2598 1648
2599 1646
2600 1647
2601 1647
2602 1647
2603 1645
2604 1647
2605 1647
2606 1647
2607 1646
2608 1647
2609 1645
2610 1647
2611 1645
2612 1648
2613 1647
2614 1646
2615 1645
2616 1649
2617 1645
2618 1645
2619 1645
2620 1645
2621 1645
2622 1646
2623 1647
2624 1646
2625 1645
2626 1647
2627 1647
2628 1645
2629 1647
2630 1647
2631 1647
2632 1650
2633 1647
2634 1645
2635 1646
2636 1647
2637 1645
2638 1646
2639 1645
2640 1645
2641 1645
2642 1647
2643 1645
2644 1647
2645 1645
2646 1647
2647 1645
2648 1645
2649 1643
2650 1645
2651 1645
2652 1645
2653 1644
2654 1645
2655 1643
2656 1646
2657 1646
2658 1647
2659 1645
2660 1647
2661 1646
2662 1645
2663 1645
2664 1646
2665 1644
2666 1645
2667 1643
2668 1647
2669 1646
2670 1645
2671 1644
2672 1645
2673 1645
2674 1645
2675 1646
2676 1647
2677 1645
2678 1646
2679 1647
2680 1645
2681 1645
2682 1645
2683 1645
2684 1645
2685 1645
2686 1645
2687 1644
2688 1647
2689 1647
2690 1645
2691 1645
2692 1647
2693 1645
2694 1645
2695 1644
2696 1645
2697 1642
2698 1645
2699 1646
2700 1645
2701 1645
2702 1645
2703 1645
2704 1645
2705 1644
2706 1647
2707 1645
2708 1645
2709 1645
2710 1645
2711 1645
2712 1645
2713 1643
2714 1646
2715 1645
2716 1645
2717 1644
2718 1645
2719 1643
2720 1645
2721 1646
2722 1645
2723 1645
2724 1645
2725 1645
2726 1645
2727 1643
2728 1647
2729 1643
2730 1644
2731 1644
2732 1644
2733 1643
2734 1644
2735 1644
2736 1645
2737 1643
2738 1645
2739 1644
2740 1646
2741 1645
2742 1645
2743 1645
2744 1645
2745 1645
2746 1645
2747 1641
2748 1645
2749 1643
2750 1645
2751 1643
2752 1645
2753 1643
2754 1647
2755 1643
2756 1645
2757 1644
2758 1645
2759 1643
2760 1645
2761 1645
2762 1645
2763 1643
2764 1644
2765 1643
2766 1643
2767 1643
2768 1645
2769 1644
2770 1645
2771 1643
2772 1643
2773 1643
2774 1643
2775 1643
2776 1645
2777 1643
2778 1645
2779 1645
2780 1645
2781 1643
2782 1645
2783 1643
2784 1644
2785 1644
2786 1644
2787 1643
2788 1644
2789 1643
2790 1645
2791 1643
2792 1645
2793 1645
2794 1645
2795 1645
2796 1644
2797 1644
2798 1645
2799 1644
2800 1644
2801 1643
2802 1644
2803 1643
2804 1645
2805 1643
2806 1645
2807 1645
2808 1645
2809 1643
2810 1644
2811 1643
2812 1644
2813 1643
2814 1644
2815 1643
2816 1644
2817 1643
2818 1645
2819 1642
2820 1644
2821 1642
2822 1645
2823 1644
2824 1645
2825 1643
2826 1644
2827 1643
2828 1643
2829 1647
2830 1644
2831 1637
2832 1646
2833 1643
2834 1643
2835 1643
2836 1645
2837 1642
2838 1643
2839 1645
2840 1644
2841 1642
2842 1644
2843 1642
2844 1643
2845 1643
2846 1643
2847 1641
2848 1645
2849 1644
2850 1645
2851 1643
2852 1645
2853 1643
2854 1645
2855 1643
2856 1645
2857 1643
2858 1643
2859 1642
2860 1645
2861 1643
2862 1642
2863 1641
2864 1643
2865 1642
2866 1643
2867 1641
2868 1643
2869 1643
2870 1645
2871 1637
2872 1641
2873 1643
2874 1643
2875 1641
2876 1643
2877 1643
2878 1643
2879 1642
2880 1643
2881 1643
2882 1643
2883 1641
2884 1644
2885 1645
2886 1643
2887 1643
2888 1643
2889 1643
2890 1643
2891 1643
2892 1644
2893 1642
2894 1643
2895 1643
2896 1644
2897 1641
2898 1644
2899 1641
2900 1643
2901 1642
2902 1645
2903 1643
2904 1642
2905 1643
2906 1645
2907 1642
2908 1641
2909 1641
2910 1643
2911 1641
2912 1643
2913 1643
2914 1643
2915 1641
2916 1643
2917 1643
2918 1643
2919 1643
2920 1645
2921 1643
2922 1641
2923 1643
2924 1643
2925 1642
2926 1643
2927 1641
2928 1643
2929 1641
2930 1643
2931 1643
2932 1642
2933 1641
2934 1641
2935 1642
2936 1643
2937 1641
2938 1645
2939 1641
2940 1643
2941 1642
2942 1642
2943 1643
2944 1643
2945 1643
2946 1643
2947 1641
2948 1643
2949 1643
2950 1643
2951 1643
2952 1645
2953 1642
2954 1643
2955 1641
2956 1642
2957 1641
2958 1643
2959 1641
2960 1645
2961 1641
2962 1643
2963 1643
2964 1643
2965 1642
2966 1645
2967 1641
2968 1642
2969 1641
2970 1642
2971 1641
2972 1641
2973 1641
2974 1642
2975 1641
2976 1643
2977 1643
2978 1643
2979 1643
2980 1643
2981 1643
2982 1643
2983 1641
2984 1643
2985 1643
2986 1641
2987 1641
2988 1641
2989 1641
2990 1642
2991 1640
2992 1641
2993 1641
2994 1643
2995 1643
2996 1643
2997 1641
2998 1643
2999 1642
3000 1643
3001 1642
3002 1641
3003 1641
3004 1643
3005 1641
3006 1644
3007 1643
3008 1642
3009 1640
3010 1641
3011 1642
3012 1642
3013 1643
3014 1643
3015 1641
3016 1643
3017 1641
3018 1643
3019 1641
3020 1644
3021 1641
3022 1642
3023 1642
3024 1643
3025 1642
3026 1641
3027 1639
3028 1642
3029 1641
3030 1643
3031 1641
3032 1643
3033 1640
3034 1643
3035 1643
3036 1642
3037 1640
3038 1642
3039 1641
3040 1641
3041 1641
3042 1642
3043 1641
3044 1644
3045 1641
3046 1642
3047 1639
3048 1643
3049 1642
3050 1643
3051 1641
3052 1641
3053 1641
3054 1641
3055 1641
3056 1641
3057 1640
3058 1642
3059 1640
3060 1641
3061 1640
3062 1642
3063 1641
3064 1641
3065 1640
3066 1643
3067 1641
3068 1641
3069 1643
3070 1643
3071 1639
3072 1639
3073 1641
3074 1641
3075 1639
3076 1641
3077 1639
3078 1641
3079 1640
3080 1643
3081 1641
3082 1642
3083 1641
3084 1642
3085 1641
3086 1641
3087 1643
3088 1642
3089 1640
3090 1643
3091 1641
3092 1641
3093 1640
3094 1641
3095 1641
3096 1641
3097 1638
3098 1642
3099 1641
3100 1641
3101 1643
3102 1643
3103 1640
3104 1642
3105 1642
3106 1642
3107 1639
3108 1641
3109 1639
3110 1641
3111 1639
3112 1643
3113 1641
3114 1642
3115 1639
3116 1641
3117 1640
3118 1641
3119 1641
3120 1641
3121 1641
3122 1641
3123 1643
3124 1641
3125 1641
3126 1643
3127 1642
3128 1642
3129 1640
3130 1641
3131 1640
3132 1643
3133 1641
3134 1641
3135 1641
3136 1641
3137 1640
3138 1641
3139 1640
3140 1643
3141 1641
3142 1641
3143 1640
3144 1641
3145 1640
3146 1641
3147 1641
3148 1643
3149 1641
3150 1643
3151 1641
3152 1640
3153 1639
3154 1643
3155 1641
3156 1640
3157 1639
3158 1640
3159 1639
3160 1641
3161 1640
3162 1641
3163 1639
3164 1640
3165 1641
3166 1641
3167 1641
3168 1641
3169 1643
3170 1641
3171 1641
3172 1639
3173 1641
3174 1640
3175 1640
3176 1643
3177 1640
3178 1641
3179 1641
3180 1641
3181 1641
3182 1641
3183 1639
3184 1640
3185 1641
3186 1641
3187 1639
3188 1641
3189 1640
3190 1641
3191 1641
3192 1641
3193 1639
3194 1640
3195 1639
3196 1641
3197 1639
3198 1641
3199 1641
3200 1643
3201 1640
3202 1641
3203 1642
3204 1641
3205 1639
3206 1641
3207 1640
3208 1641
3209 1639
3210 1643
3211 1641
3212 1641
3213 1640
3214 1641
3215 1640
3216 1641
3217 1641
3218 1641
3219 1640
3220 1641
3221 1641
3222 1639
3223 1640
3224 1641
3225 1640
3226 1640
3227 1639
3228 1640
3229 1640
3230 1641
3231 1639
3232 1642
3233 1641
3234 1641
3235 1641
3236 1643
3237 1640
3238 1641
3239 1640
3240 1642
3241 1639
3242 1640
3243 1641
3244 1640
3245 1639
3246 1640
3247 1637
3248 1642
3249 1640
3250 1641
3251 1641
3252 1641
3253 1639
3254 1641
3255 1641
3256 1641
3257 1639
3258 1639
3259 1639
3260 1641
3261 1639
3262 1641
3263 1641
3264 1641
3265 1639
3266 1641
3267 1640
3268 1640
3269 1639
3270 1642
3271 1639
3272 1639
3273 1640
3274 1641
3275 1639
3276 1641
3277 1641
3278 1641
3279 1640
3280 1641
3281 1641
3282 1640
3283 1640
3284 1641
3285 1641
3286 1639
3287 1639
3288 1639
3289 1639
3290 1639
3291 1638
3292 1640
3293 1639
3294 1639
3295 1639
3296 1642
3297 1637
3298 1641
3299 1639
3300 1641
3301 1640
3302 1641
3303 1639
3304 1639
3305 1639
3306 1639
3307 1639
3308 1641
3309 1639
3310 1641
3311 1641
3312 1640
3313 1640
3314 1639
3315 1641
3316 1641
3317 1638
3318 1639
3319 1639
3320 1639
3321 1639
3322 1639
3323 1640
3324 1639
3325 1639
3326 1640
3327 1639
3328 1639
3329 1639
3330 1640
3331 1639
3332 1639
3333 1639
3334 1639
3335 1639
3336 1639
3337 1641
3338 1641
3339 1639
3340 1640
3341 1639
3342 1640
3343 1639
3344 1640
3345 1641
3346 1640
3347 1639
3348 1641
3349 1640
3350 1640
3351 1639
3352 1639
3353 1639
3354 1640
3355 1638
3356 1639
3357 1637
3358 1640
3359 1639
3360 1641
3361 1640
3362 1640
3363 1640
3364 1642
3365 1639
3366 1640
3367 1639
3368 1639
3369 1639
3370 1639
3371 1640
3372 1639
3373 1639
3374 1640
3375 1639
3376 1639
3377 1639
3378 1640
3379 1641
3380 1639
3381 1639
3382 1639
3383 1641
3384 1639
3385 1641
3386 1639
3387 1638
3388 1639
3389 1639
3390 1640
3391 1639
3392 1641
3393 1639
3394 1639
3395 1637
3396 1639
3397 1638
3398 1642
3399 1639
3400 1640
3401 1639
3402 1639
3403 1639
3404 1639
3405 1639
3406 1639
3407 1635
3408 1639
3409 1639
3410 1640
3411 1638
3412 1639
3413 1640
3414 1640
3415 1639
3416 1639
3417 1639
3418 1638
3419 1637
3420 1639
3421 1638
3422 1639
3423 1639
3424 1642
3425 1639
3426 1639
3427 1639
3428 1640
3429 1639
3430 1640
3431 1640
3432 1639
3433 1639
3434 1639
3435 1637
3436 1639
3437 1639
3438 1639
3439 1640
3440 1639
3441 1639
3442 1640
3443 1639
3444 1639
3445 1639
3446 1639
3447 1637
3448 1639
3449 1639
3450 1640
3451 1638
3452 1639
3453 1638
3454 1639
3455 1638
3456 1639
3457 1637
3458 1638
3459 1637
3460 1639
3461 1639
3462 1639
3463 1638
3464 1639
3465 1637
3466 1638
3467 1637
3468 1639
3469 1639
3470 1639
3471 1637
3472 1637
3473 1638
3474 1638
3475 1638
3476 1640
3477 1638
3478 1639
3479 1639
3480 1639
3481 1637
3482 1637
3483 1637
3484 1641
3485 1638
3486 1639
3487 1639
3488 1639
3489 1637
3490 1639
3491 1639
3492 1639
3493 1637
3494 1638
3495 1637
3496 1635
3497 1637
3498 1642
3499 1638
3500 1639
3501 1639
3502 1640
3503 1637
3504 1639
3505 1637
3506 1637
3507 1637
3508 1637
3509 1638
3510 1641
3511 1639
3512 1638
3513 1639
3514 1639
3515 1638
3516 1638
3517 1637
3518 1639
3519 1638
3520 1639
3521 1639
3522 1637
3523 1638
3524 1639
3525 1639
3526 1639
3527 1637
3528 1639
3529 1639
3530 1639
3531 1637
3532 1638
3533 1637
3534 1637
3535 1639
3536 1638
3537 1637
3538 1638
3539 1639
3540 1639
3541 1637
3542 1639
3543 1637
3544 1639
3545 1637
3546 1639
3547 1638
3548 1641
3549 1637
3550 1639
3551 1639
3552 1639
3553 1637
3554 1637
3555 1637
3556 1637
3557 1637
3558 1640
3559 1637
3560 1639
3561 1639
3562 1639
3563 1638
3564 1638
3565 1637
3566 1638
3567 1637
3568 1638
3569 1639
3570 1638
3571 1637
3572 1637
3573 1639
3574 1639
3575 1639
3576 1638
3577 1637
3578 1637
3579 1637
3580 1637
3581 1639
3582 1639
3583 1637
3584 1639
3585 1639
3586 1639
3587 1637
3588 1639
3589 1639
3590 1639
3591 1638
3592 1637
3593 1636
3594 1637
3595 1639
3596 1639
3597 1637
3598 1639
3599 1639
3600 1638
3601 1638
3602 1638
3603 1637
3604 1637
3605 1637
3606 1639
3607 1638
3608 1638
3609 1637
3610 1639
3611 1637
3612 1637
3613 1637
3614 1637
3615 1637
3616 1638
3617 1637
3618 1639
3619 1637
3620 1637
3621 1636
3622 1637
3623 1637
3624 1638
3625 1638
3626 1640
3627 1637
3628 1638
3629 1637
3630 1639
3631 1639
3632 1637
3633 1637
3634 1639
3635 1638
3636 1637
3637 1637
3638 1637
3639 1636
3640 1637
3641 1639
3642 1638
3643 1636
3644 1639
3645 1637
3646 1637
3647 1636
3648 1639
3649 1638
3650 1637
3651 1637
3652 1639
3653 1638
3654 1637
3655 1637
3656 1637
3657 1637
3658 1637
3659 1639
3660 1639
3661 1637
3662 1638
3663 1639
3664 1637
3665 1637
3666 1637
3667 1637
3668 1637
3669 1637
3670 1637
3671 1637
3672 1637
3673 1637
3674 1638
3675 1637
3676 1637
3677 1637
3678 1637
3679 1637
3680 1637
3681 1637
3682 1639
3683 1638
3684 1636
3685 1639
3686 1639
3687 1637
3688 1637
3689 1639
3690 1639
3691 1637
3692 1636
3693 1637
3694 1637
