#Data from the TCD1304 linear CCD
#column 1 = pixelnumber , column 2 = pixelvalue
#Pixel 1-32 and 3679-3694 and are dummy pixels
#SH-period: 200    ICG-period: 100000    Integration time: 100.0 us
1 1918
2 4091
3 4093
4 4095
5 4095
6 4095
7 4095
8 4095
9 4095
10 4095
11 4095
12 4095
13 4095
14 4095
15 4095
16 4095
17 4095
18 4095
19 4095
20 4095
21 4095
22 4095
23 4095
24 4095
25 4095
26 4095
27 4095
28 4095
29 4095
30 4095
31 4095
32 3835
33 3599
34 3597
35 3609
36 3601
37 3599
38 3597
39 3591
40 3595
41 3601
42 3599
43 3595
44 3595
45 3597
46 3591
47 3607
48 3597
49 3595
50 3599
51 3601
52 3591
53 3591
54 3593
55 3601
56 3595
57 3597
58 3595
59 3593
60 3597
61 3603
62 3591
63 3597
64 3597
65 3591
66 3591
67 3593
68 3593
69 3593
70 3595
71 3597
72 3587
73 3597
74 3593
75 3597
76 3591
77 3599
78 3601
79 3593
80 3589
81 3589
82 3601
83 3593
84 3591
85 3589
86 3595
87 3595
88 3593
89 3599
90 3591
91 3599
92 3579
93 3595
94 3595
95 3593
96 3600
97 3599
98 3593
99 3593
100 3599
101 3599
102 3593
103 3589
104 3587
105 3597
106 3595
107 3595
108 3595
109 3589
110 3597
111 3597
112 3597
113 3601
114 3589
115 3589
116 3593
117 3591
118 3593
119 3589
120 3587
121 3593
122 3593
123 3595
124 3595
125 3591
126 3597
127 3593
128 3593
129 3603
130 3589
131 3591
132 3587
133 3589
134 3585
135 3589
136 3591
137 3591
138 3595
139 3595
140 3585
141 3585
142 3587
143 3579
144 3597
145 3587
146 3583
147 3597
148 3587
149 3579
150 3593
151 3593
152 3589
153 3595
154 3593
155 3593
156 3593
157 3593
158 3593
159 3587
160 3591
161 3595
162 3593
163 3581
164 3597
165 3595
166 3593
167 3597
168 3591
169 3587
170 3593
171 3591
172 3589
173 3589
174 3585
175 3585
176 3587
177 3597
178 3593
179 3599
180 3587
181 3591
182 3597
183 3591
184 3593
185 3593
186 3595
187 3595
188 3587
189 3587
190 3589
191 3597
192 3587
193 3597
194 3591
195 3581
196 3595
197 3585
198 3591
199 3595
200 3587
201 3595
202 3593
203 3589
204 3587
205 3597
206 3589
207 3601
208 3589
209 3595
210 3587
211 3591
212 3589
213 3597
214 3585
215 3585
216 3585
217 3591
218 3589
219 3585
220 3591
221 3591
222 3593
223 3583
224 3601
225 3589
226 3585
227 3587
228 3587
229 3591
230 3601
231 3589
232 3585
233 3593
234 3589
235 3589
236 3585
237 3581
238 3579
239 3585
240 3587
241 3585
242 3593
243 3593
244 3591
245 3593
246 3589
247 3587
248 3585
249 3591
250 3591
251 3593
252 3589
253 3585
254 3585
255 3581
256 3595
257 3591
258 3589
259 3583
260 3587
261 3587
262 3591
263 3581
264 3591
265 3589
266 3589
267 3589
268 3575
269 3587
270 3581
271 3591
272 3587
273 3593
274 3585
275 3587
276 3581
277 3575
278 3585
279 3581
280 3589
281 3585
282 3583
283 3585
284 3581
285 3591
286 3589
287 3577
288 3583
289 3592
290 3581
291 3575
292 3587
293 3579
294 3579
295 3577
296 3581
297 3583
298 3579
299 3581
300 3579
301 3581
302 3579
303 3581
304 3581
305 3581
306 3585
307 3579
308 3575
309 3575
310 3575
311 3575
312 3575
313 3585
314 3577
315 3575
316 3565
317 3581
318 3573
319 3573
320 3577
321 3575
322 3581
323 3571
324 3577
325 3579
326 3571
327 3569
328 3569
329 3573
330 3571
331 3575
332 3571
333 3579
334 3579
335 3579
336 3571
337 3579
338 3571
339 3571
340 3575
341 3567
342 3567
343 3571
344 3569
345 3575
346 3579
347 3563
348 3569
349 3575
350 3575
351 3573
352 3573
353 3571
354 3567
355 3573
356 3569
357 3575
358 3573
359 3567
360 3565
361 3575
362 3573
363 3569
364 3563
365 3573
366 3567
367 3573
368 3563
369 3571
370 3569
371 3575
372 3573
373 3565
374 3567
375 3575
376 3579
377 3573
378 3565
379 3575
380 3567
381 3567
382 3573
383 3571
384 3565
385 3565
386 3559
387 3573
388 3561
389 3567
390 3577
391 3569
392 3563
393 3565
394 3557
395 3565
396 3557
397 3563
398 3553
399 3555
400 3563
401 3565
402 3561
403 3561
404 3567
405 3557
406 3565
407 3561
408 3563
409 3565
410 3565
411 3571
412 3555
413 3569
414 3561
415 3561
416 3563
417 3561
418 3555
419 3559
420 3557
421 3555
422 3557
423 3573
424 3561
425 3557
426 3555
427 3561
428 3559
429 3557
430 3557
431 3561
432 3561
433 3561
434 3549
435 3557
436 3553
437 3555
438 3565
439 3563
440 3553
441 3559
442 3551
443 3551
444 3551
445 3559
446 3555
447 3555
448 3547
449 3555
450 3549
451 3555
452 3553
453 3551
454 3555
455 3555
456 3549
457 3547
458 3545
459 3551
460 3547
461 3547
462 3547
463 3555
464 3549
465 3545
466 3549
467 3561
468 3549
469 3555
470 3551
471 3547
472 3547
473 3549
474 3549
475 3551
476 3555
477 3555
478 3544
479 3553
480 3551
481 3551
482 3539
483 3549
484 3547
485 3545
486 3547
487 3553
488 3543
489 3549
490 3543
491 3547
492 3547
493 3541
494 3541
495 3555
496 3541
497 3551
498 3543
499 3547
500 3545
501 3541
502 3543
503 3547
504 3543
505 3543
506 3541
507 3541
508 3545
509 3541
510 3547
511 3531
512 3533
513 3547
514 3535
515 3541
516 3543
517 3535
518 3533
519 3539
520 3535
521 3533
522 3537
523 3541
524 3539
525 3529
526 3537
527 3537
528 3537
529 3537
530 3531
531 3541
532 3529
533 3537
534 3531
535 3535
536 3537
537 3541
538 3529
539 3541
540 3537
541 3537
542 3535
543 3537
544 3543
545 3529
546 3533
547 3533
548 3529
549 3531
550 3531
551 3533
552 3533
553 3539
554 3529
555 3529
556 3529
557 3529
558 3539
559 3527
560 3531
561 3537
562 3533
563 3533
564 3523
565 3535
566 3533
567 3535
568 3535
569 3520
570 3531
571 3525
572 3533
573 3527
574 3537
575 3531
576 3529
577 3523
578 3521
579 3523
580 3527
581 3529
582 3525
583 3527
584 3529
585 3525
586 3523
587 3525
588 3527
589 3529
590 3519
591 3519
592 3537
593 3525
594 3529
595 3521
596 3525
597 3517
598 3521
599 3525
600 3521
601 3531
602 3515
603 3513
604 3523
605 3527
606 3523
607 3524
608 3515
609 3517
610 3525
611 3509
612 3521
613 3521
614 3523
615 3517
616 3507
617 3521
618 3519
619 3509
620 3521
621 3525
622 3513
623 3519
624 3511
625 3519
626 3515
627 3519
628 3517
629 3509
630 3511
631 3513
632 3509
633 3513
634 3505
635 3505
636 3515
637 3513
638 3505
639 3503
640 3503
641 3505
642 3513
643 3515
644 3505
645 3509
646 3503
647 3507
648 3505
649 3505
650 3501
651 3501
652 3505
653 3509
654 3501
655 3493
656 3503
657 3507
658 3509
659 3501
660 3501
661 3495
662 3499
663 3495
664 3503
665 3501
666 3509
667 3495
668 3495
669 3501
670 3497
671 3497
672 3499
673 3501
674 3497
675 3497
676 3495
677 3493
678 3495
679 3495
680 3493
681 3491
682 3487
683 3493
684 3485
685 3485
686 3497
687 3501
688 3489
689 3501
690 3487
691 3493
692 3487
693 3493
694 3487
695 3499
696 3489
697 3489
698 3489
699 3495
700 3489
701 3491
702 3491
703 3489
704 3483
705 3489
706 3485
707 3485
708 3483
709 3485
710 3479
711 3485
712 3483
713 3487
714 3483
715 3481
716 3479
717 3479
718 3477
719 3487
720 3479
721 3483
722 3489
723 3477
724 3479
725 3477
726 3481
727 3473
728 3485
729 3483
730 3481
731 3487
732 3477
733 3477
734 3475
735 3469
736 3471
737 3479
738 3473
739 3477
740 3475
741 3477
742 3475
743 3472
744 3467
745 3475
746 3473
747 3469
748 3463
749 3473
750 3471
751 3471
752 3465
753 3469
754 3467
755 3469
756 3471
757 3465
758 3461
759 3471
760 3471
761 3471
762 3464
763 3473
764 3463
765 3455
766 3457
767 3463
768 3455
769 3455
770 3465
771 3463
772 3457
773 3455
774 3467
775 3455
776 3453
777 3457
778 3453
779 3461
780 3465
781 3457
782 3451
783 3449
784 3451
785 3455
786 3447
787 3455
788 3455
789 3451
790 3453
791 3453
792 3457
793 3449
794 3455
795 3445
796 3453
797 3451
798 3441
799 3445
800 3449
801 3449
802 3441
803 3447
804 3443
805 3447
806 3455
807 3442
808 3447
809 3447
810 3447
811 3441
812 3441
813 3447
814 3443
815 3445
816 3443
817 3439
818 3449
819 3435
820 3437
821 3445
822 3445
823 3437
824 3439
825 3443
826 3445
827 3439
828 3439
829 3449
830 3441
831 3429
832 3429
833 3441
834 3433
835 3441
836 3433
837 3435
838 3441
839 3425
840 3429
841 3431
842 3437
843 3433
844 3421
845 3439
846 3433
847 3435
848 3421
849 3429
850 3421
851 3435
852 3427
853 3427
854 3431
855 3431
856 3421
857 3431
858 3431
859 3427
860 3429
861 3437
862 3423
863 3423
864 3417
865 3425
866 3421
867 3423
868 3425
869 3421
870 3421
871 3411
872 3421
873 3411
874 3421
875 3419
876 3413
877 3411
878 3415
879 3410
880 3413
881 3415
882 3415
883 3411
884 3412
885 3421
886 3409
887 3417
888 3409
889 3407
890 3403
891 3411
892 3415
893 3413
894 3403
895 3393
896 3405
897 3401
898 3407
899 3393
900 3403
901 3411
902 3397
903 3405
904 3403
905 3395
906 3395
907 3395
908 3389
909 3396
910 3381
911 3393
912 3393
913 3397
914 3389
915 3389
916 3389
917 3391
918 3397
919 3385
920 3389
921 3385
922 3391
923 3385
924 3379
925 3383
926 3383
927 3377
928 3387
929 3381
930 3381
931 3381
932 3373
933 3379
934 3379
935 3391
936 3385
937 3389
938 3385
939 3377
940 3371
941 3389
942 3389
943 3381
944 3371
945 3375
946 3379
947 3379
948 3369
949 3379
950 3369
951 3381
952 3359
953 3379
954 3373
955 3367
956 3363
957 3371
958 3357
959 3363
960 3365
961 3357
962 3367
963 3353
964 3361
965 3363
966 3359
967 3355
968 3343
969 3361
970 3341
971 3357
972 3349
973 3353
974 3345
975 3349
976 3341
977 3341
978 3341
979 3343
980 3347
981 3347
982 3335
983 3339
984 3339
985 3347
986 3346
987 3333
988 3333
989 3335
990 3333
991 3337
992 3339
993 3328
994 3327
995 3335
996 3327
997 3325
998 3327
999 3330
1000 3321
1001 3335
1002 3331
1003 3333
1004 3325
1005 3331
1006 3331
1007 3327
1008 3317
1009 3323
1010 3327
1011 3325
1012 3321
1013 3323
1014 3321
1015 3321
1016 3323
1017 3321
1018 3331
1019 3313
1020 3329
1021 3315
1022 3321
1023 3315
1024 3309
1025 3319
1026 3317
1027 3309
1028 3321
1029 3317
1030 3315
1031 3307
1032 3301
1033 3313
1034 3312
1035 3317
1036 3309
1037 3293
1038 3293
1039 3301
1040 3309
1041 3313
1042 3307
1043 3309
1044 3307
1045 3301
1046 3299
1047 3297
1048 3293
1049 3307
1050 3307
1051 3307
1052 3297
1053 3307
1054 3291
1055 3296
1056 3299
1057 3297
1058 3297
1059 3296
1060 3303
1061 3295
1062 3293
1063 3291
1064 3301
1065 3285
1066 3295
1067 3287
1068 3293
1069 3285
1070 3290
1071 3289
1072 3277
1073 3291
1074 3277
1075 3279
1076 3281
1077 3277
1078 3285
1079 3283
1080 3279
1081 3285
1082 3283
1083 3279
1084 3287
1085 3279
1086 3277
1087 3275
1088 3273
1089 3281
1090 3277
1091 3273
1092 3269
1093 3267
1094 3273
1095 3275
1096 3265
1097 3267
1098 3275
1099 3269
1100 3275
1101 3265
1102 3273
1103 3269
1104 3257
1105 3257
1106 3257
1107 3261
1108 3267
1109 3247
1110 3263
1111 3267
1112 3261
1113 3261
1114 3259
1115 3259
1116 3264
1117 3255
1118 3249
1119 3257
1120 3245
1121 3255
1122 3239
1123 3255
1124 3249
1125 3259
1126 3249
1127 3249
1128 3247
1129 3247
1130 3247
1131 3245
1132 3245
1133 3243
1134 3239
1135 3249
1136 3240
1137 3239
1138 3233
1139 3233
1140 3232
1141 3243
1142 3237
1143 3241
1144 3233
1145 3235
1146 3225
1147 3229
1148 3229
1149 3233
1150 3229
1151 3221
1152 3219
1153 3223
1154 3225
1155 3229
1156 3213
1157 3223
1158 3227
1159 3217
1160 3217
1161 3209
1162 3205
1163 3217
1164 3216
1165 3225
1166 3217
1167 3215
1168 3211
1169 3219
1170 3205
1171 3203
1172 3209
1173 3203
1174 3199
1175 3204
1176 3197
1177 3207
1178 3202
1179 3201
1180 3201
1181 3203
1182 3197
1183 3195
1184 3201
1185 3211
1186 3195
1187 3203
1188 3203
1189 3199
1190 3191
1191 3199
1192 3193
1193 3191
1194 3193
1195 3185
1196 3187
1197 3189
1198 3193
1199 3189
1200 3189
1201 3191
1202 3185
1203 3191
1204 3179
1205 3191
1206 3183
1207 3183
1208 3181
1209 3185
1210 3173
1211 3185
1212 3184
1213 3169
1214 3181
1215 3183
1216 3175
1217 3175
1218 3179
1219 3169
1220 3167
1221 3163
1222 3177
1223 3165
1224 3163
1225 3163
1226 3163
1227 3167
1228 3161
1229 3175
1230 3167
1231 3169
1232 3161
1233 3169
1234 3161
1235 3161
1236 3169
1237 3165
1238 3163
1239 3153
1240 3163
1241 3159
1242 3161
1243 3159
1244 3149
1245 3145
1246 3151
1247 3153
1248 3139
1249 3145
1250 3149
1251 3143
1252 3139
1253 3141
1254 3139
1255 3149
1256 3140
1257 3139
1258 3145
1259 3137
1260 3129
1261 3137
1262 3141
1263 3129
1264 3133
1265 3139
1266 3129
1267 3139
1268 3139
1269 3121
1270 3121
1271 3121
1272 3127
1273 3137
1274 3125
1275 3121
1276 3138
1277 3113
1278 3117
1279 3111
1280 3117
1281 3121
1282 3105
1283 3119
1284 3123
1285 3129
1286 3123
1287 3113
1288 3105
1289 3107
1290 3109
1291 3115
1292 3117
1293 3113
1294 3096
1295 3105
1296 3101
1297 3113
1298 3091
1299 3107
1300 3096
1301 3105
1302 3111
1303 3097
1304 3110
1305 3089
1306 3099
1307 3097
1308 3097
1309 3097
1310 3091
1311 3083
1312 3089
1313 3091
1314 3083
1315 3097
1316 3071
1317 3077
1318 3069
1319 3067
1320 3081
1321 3071
1322 3079
1323 3083
1324 3069
1325 3081
1326 3077
1327 3067
1328 3066
1329 3069
1330 3071
1331 3071
1332 3067
1333 3071
1334 3053
1335 3059
1336 3063
1337 3065
1338 3051
1339 3059
1340 3045
1341 3061
1342 3057
1343 3057
1344 3051
1345 3051
1346 3043
1347 3045
1348 3045
1349 3033
1350 3037
1351 3049
1352 3023
1353 3045
1354 3039
1355 3035
1356 3029
1357 3035
1358 3031
1359 3027
1360 3035
1361 3025
1362 3029
1363 3027
1364 3023
1365 3021
1366 3017
1367 3023
1368 3025
1369 3021
1370 3009
1371 3006
1372 3003
1373 3019
1374 3019
1375 3007
1376 3011
1377 3011
1378 3019
1379 3005
1380 2995
1381 3004
1382 3003
1383 2995
1384 2987
1385 2997
1386 2999
1387 2993
1388 2997
1389 2989
1390 2995
1391 2989
1392 2987
1393 2979
1394 2985
1395 2988
1396 2985
1397 2983
1398 2979
1399 2977
1400 2987
1401 2985
1402 2967
1403 2975
1404 2967
1405 2973
1406 2975
1407 2959
1408 2973
1409 2971
1410 2971
1411 2977
1412 2959
1413 2975
1414 2961
1415 2951
1416 2964
1417 2959
1418 2959
1419 2953
1420 2947
1421 2955
1422 2959
1423 2954
1424 2949
1425 2945
1426 2945
1427 2941
1428 2945
1429 2941
1430 2941
1431 2947
1432 2941
1433 2947
1434 2947
1435 2951
1436 2937
1437 2926
1438 2926
1439 2933
1440 2935
1441 2926
1442 2929
1443 2933
1444 2925
1445 2925
1446 2929
1447 2917
1448 2918
1449 2927
1450 2915
1451 2919
1452 2921
1453 2921
1454 2923
1455 2918
1456 2915
1457 2917
1458 2912
1459 2915
1460 2917
1461 2909
1462 2909
1463 2909
1464 2899
1465 2893
1466 2901
1467 2897
1468 2901
1469 2898
1470 2901
1471 2885
1472 2903
1473 2901
1474 2879
1475 2887
1476 2889
1477 2889
1478 2889
1479 2881
1480 2887
1481 2877
1482 2885
1483 2887
1484 2887
1485 2893
1486 2889
1487 2881
1488 2879
1489 2873
1490 2867
1491 2879
1492 2867
1493 2871
1494 2875
1495 2861
1496 2875
1497 2860
1498 2875
1499 2869
1500 2865
1501 2857
1502 2857
1503 2863
1504 2855
1505 2857
1506 2855
1507 2861
1508 2837
1509 2849
1510 2854
1511 2848
1512 2863
1513 2853
1514 2845
1515 2849
1516 2857
1517 2836
1518 2853
1519 2835
1520 2841
1521 2832
1522 2837
1523 2837
1524 2831
1525 2825
1526 2839
1527 2827
1528 2820
1529 2821
1530 2813
1531 2819
1532 2817
1533 2811
1534 2811
1535 2819
1536 2809
1537 2815
1538 2811
1539 2807
1540 2805
1541 2805
1542 2799
1543 2794
1544 2797
1545 2799
1546 2787
1547 2797
1548 2795
1549 2794
1550 2791
1551 2795
1552 2785
1553 2787
1554 2797
1555 2801
1556 2787
1557 2785
1558 2779
1559 2785
1560 2770
1561 2767
1562 2777
1563 2782
1564 2777
1565 2768
1566 2777
1567 2765
1568 2771
1569 2760
1570 2766
1571 2761
1572 2761
1573 2769
1574 2768
1575 2757
1576 2753
1577 2747
1578 2747
1579 2745
1580 2749
1581 2744
1582 2743
1583 2733
1584 2737
1585 2731
1586 2741
1587 2731
1588 2744
1589 2733
1590 2751
1591 2739
1592 2733
1593 2739
1594 2737
1595 2724
1596 2747
1597 2724
1598 2729
1599 2743
1600 2713
1601 2727
1602 2711
1603 2715
1604 2711
1605 2711
1606 2701
1607 2713
1608 2700
1609 2705
1610 2691
1611 2697
1612 2689
1613 2697
1614 2699
1615 2685
1616 2686
1617 2691
1618 2691
1619 2693
1620 2685
1621 2677
1622 2685
1623 2677
1624 2679
1625 2668
1626 2681
1627 2675
1628 2685
1629 2677
1630 2665
1631 2666
1632 2673
1633 2659
1634 2658
1635 2669
1636 2666
1637 2656
1638 2673
1639 2653
1640 2651
1641 2651
1642 2645
1643 2659
1644 2642
1645 2647
1646 2645
1647 2631
1648 2645
1649 2647
1650 2635
1651 2643
1652 2633
1653 2635
1654 2629
1655 2621
1656 2617
1657 2634
1658 2627
1659 2605
1660 2621
1661 2607
1662 2605
1663 2615
1664 2609
1665 2605
1666 2617
1667 2593
1668 2601
1669 2605
1670 2596
1671 2595
1672 2584
1673 2603
1674 2595
1675 2601
1676 2584
1677 2591
1678 2584
1679 2586
1680 2587
1681 2589
1682 2585
1683 2597
1684 2580
1685 2590
1686 2578
1687 2583
1688 2577
1689 2577
1690 2581
1691 2571
1692 2573
1693 2577
1694 2583
1695 2573
1696 2577
1697 2567
1698 2567
1699 2560
1700 2553
1701 2559
1702 2561
1703 2545
1704 2545
1705 2571
1706 2557
1707 2544
1708 2563
1709 2549
1710 2550
1711 2551
1712 2549
1713 2548
1714 2552
1715 2545
1716 2555
1717 2553
1718 2561
1719 2555
1720 2542
1721 2554
1722 2549
1723 2549
1724 2544
1725 2545
1726 2533
1727 2547
1728 2533
1729 2545
1730 2544
1731 2549
1732 2543
1733 2537
1734 2524
1735 2546
1736 2531
1737 2527
1738 2533
1739 2547
1740 2541
1741 2543
1742 2532
1743 2523
1744 2535
1745 2530
1746 2531
1747 2531
1748 2547
1749 2531
1750 2525
1751 2535
1752 2515
1753 2521
1754 2525
1755 2528
1756 2506
1757 2529
1758 2528
1759 2508
1760 2507
1761 2523
1762 2519
1763 2519
1764 2517
1765 2519
1766 2509
1767 2512
1768 2509
1769 2517
1770 2517
1771 2513
1772 2505
1773 2517
1774 2498
1775 2507
1776 2501
1777 2515
1778 2483
1779 2507
1780 2502
1781 2509
1782 2510
1783 2497
1784 2502
1785 2501
1786 2505
1787 2495
1788 2509
1789 2506
1790 2513
1791 2501
1792 2503
1793 2505
1794 2502
1795 2495
1796 2495
1797 2498
1798 2505
1799 2503
1800 2507
1801 2503
1802 2498
1803 2509
1804 2505
1805 2509
1806 2495
1807 2503
1808 2493
1809 2501
1810 2501
1811 2497
1812 2499
1813 2489
1814 2489
1815 2512
1816 2498
1817 2498
1818 2507
1819 2498
1820 2501
1821 2499
1822 2496
1823 2489
1824 2489
1825 2501
1826 2506
1827 2493
1828 2487
1829 2507
1830 2505
1831 2499
1832 2500
1833 2501
1834 2499
1835 2493
1836 2500
1837 2501
1838 2505
1839 2501
1840 2505
1841 2487
1842 2507
1843 2499
1844 2493
1845 2505
1846 2497
1847 2492
1848 2499
1849 2499
1850 2505
1851 2505
1852 2475
1853 2483
1854 2487
1855 2493
1856 2499
1857 2501
1858 2493
1859 2483
1860 2503
1861 2498
1862 2491
1863 2491
1864 2504
1865 2493
1866 2497
1867 2507
1868 2497
1869 2491
1870 2481
1871 2488
1872 2477
1873 2477
1874 2490
1875 2485
1876 2477
1877 2485
1878 2482
1879 2477
1880 2475
1881 2480
1882 2476
1883 2477
1884 2484
1885 2477
1886 2471
1887 2477
1888 2483
1889 2494
1890 2471
1891 2485
1892 2473
1893 2475
1894 2479
1895 2477
1896 2481
1897 2471
1898 2472
1899 2477
1900 2475
1901 2487
1902 2469
1903 2479
1904 2481
1905 2474
1906 2483
1907 2466
1908 2469
1909 2468
1910 2483
1911 2469
1912 2475
1913 2488
1914 2485
1915 2471
1916 2477
1917 2477
1918 2481
1919 2477
1920 2465
1921 2481
1922 2468
1923 2477
1924 2468
1925 2461
1926 2475
1927 2476
1928 2471
1929 2475
1930 2469
1931 2461
1932 2457
1933 2489
1934 2472
1935 2475
1936 2463
1937 2472
1938 2477
1939 2465
1940 2457
1941 2457
1942 2465
1943 2475
1944 2457
1945 2461
1946 2467
1947 2465
1948 2461
1949 2454
1950 2457
1951 2449
1952 2459
1953 2460
1954 2451
1955 2459
1956 2443
1957 2461
1958 2461
1959 2457
1960 2459
1961 2469
1962 2467
1963 2461
1964 2461
1965 2449
1966 2465
1967 2469
1968 2462
1969 2453
1970 2459
1971 2471
1972 2458
1973 2453
1974 2453
1975 2457
1976 2479
1977 2471
1978 2461
1979 2459
1980 2463
1981 2467
1982 2458
1983 2455
1984 2450
1985 2467
1986 2455
1987 2457
1988 2451
1989 2447
1990 2444
1991 2457
1992 2460
1993 2449
1994 2451
1995 2447
1996 2461
1997 2453
1998 2455
1999 2455
2000 2441
2001 2455
2002 2449
2003 2457
2004 2446
2005 2457
2006 2456
2007 2461
2008 2459
2009 2455
2010 2457
2011 2460
2012 2458
2013 2463
2014 2451
2015 2455
2016 2447
2017 2450
2018 2448
2019 2457
2020 2453
2021 2457
2022 2457
2023 2451
2024 2449
2025 2464
2026 2458
2027 2430
2028 2430
2029 2452
2030 2449
2031 2457
2032 2447
2033 2443
2034 2436
2035 2434
2036 2451
2037 2441
2038 2449
2039 2434
2040 2439
2041 2435
2042 2449
2043 2445
2044 2443
2045 2441
2046 2443
2047 2439
2048 2445
2049 2442
2050 2436
2051 2429
2052 2435
2053 2434
2054 2425
2055 2435
2056 2439
2057 2438
2058 2439
2059 2431
2060 2445
2061 2417
2062 2437
2063 2439
2064 2443
2065 2444
2066 2439
2067 2433
2068 2438
2069 2437
2070 2430
2071 2434
2072 2439
2073 2443
2074 2439
2075 2427
2076 2446
2077 2439
2078 2447
2079 2429
2080 2429
2081 2423
2082 2441
2083 2421
2084 2429
2085 2431
2086 2435
2087 2425
2088 2429
2089 2431
2090 2435
2091 2417
2092 2435
2093 2429
2094 2437
2095 2429
2096 2419
2097 2435
2098 2437
2099 2431
2100 2423
2101 2439
2102 2424
2103 2425
2104 2441
2105 2440
2106 2443
2107 2425
2108 2431
2109 2420
2110 2411
2111 2427
2112 2449
2113 2432
2114 2432
2115 2423
2116 2428
2117 2431
2118 2429
2119 2431
2120 2426
2121 2433
2122 2413
2123 2424
2124 2433
2125 2419
2126 2431
2127 2416
2128 2423
2129 2415
2130 2417
2131 2413
2132 2412
2133 2431
2134 2424
2135 2431
2136 2435
2137 2417
2138 2427
2139 2421
2140 2407
2141 2411
2142 2415
2143 2415
2144 2419
2145 2439
2146 2421
2147 2427
2148 2419
2149 2415
2150 2417
2151 2425
2152 2403
2153 2415
2154 2425
2155 2418
2156 2419
2157 2425
2158 2409
2159 2417
2160 2406
2161 2421
2162 2409
2163 2417
2164 2421
2165 2420
2166 2429
2167 2415
2168 2416
2169 2405
2170 2417
2171 2400
2172 2411
2173 2413
2174 2427
2175 2423
2176 2417
2177 2407
2178 2411
2179 2418
2180 2408
2181 2415
2182 2411
2183 2407
2184 2408
2185 2408
2186 2407
2187 2409
2188 2424
2189 2403
2190 2408
2191 2409
2192 2403
2193 2400
2194 2409
2195 2415
2196 2408
2197 2410
2198 2407
2199 2395
2200 2406
2201 2397
2202 2409
2203 2409
2204 2392
2205 2403
2206 2407
2207 2404
2208 2397
2209 2405
2210 2394
2211 2403
2212 2405
2213 2419
2214 2397
2215 2389
2216 2401
2217 2397
2218 2401
2219 2389
2220 2406
2221 2393
2222 2396
2223 2385
2224 2394
2225 2393
2226 2393
2227 2394
2228 2395
2229 2389
2230 2399
2231 2395
2232 2390
2233 2403
2234 2403
2235 2401
2236 2386
2237 2391
2238 2393
2239 2394
2240 2392
2241 2395
2242 2391
2243 2395
2244 2383
2245 2393
2246 2387
2247 2389
2248 2391
2249 2379
2250 2399
2251 2385
2252 2388
2253 2399
2254 2388
2255 2397
2256 2381
2257 2391
2258 2386
2259 2388
2260 2383
2261 2391
2262 2391
2263 2377
2264 2389
2265 2387
2266 2378
2267 2385
2268 2385
2269 2376
2270 2379
2271 2384
2272 2383
2273 2379
2274 2389
2275 2387
2276 2395
2277 2388
2278 2382
2279 2392
2280 2381
2281 2386
2282 2381
2283 2377
2284 2379
2285 2383
2286 2381
2287 2385
2288 2391
2289 2383
2290 2385
2291 2376
2292 2372
2293 2372
2294 2375
2295 2381
2296 2371
2297 2380
2298 2387
2299 2381
2300 2379
2301 2385
2302 2369
2303 2385
2304 2387
2305 2391
2306 2380
2307 2389
2308 2385
2309 2373
2310 2379
2311 2374
2312 2374
2313 2372
2314 2389
2315 2377
2316 2375
2317 2383
2318 2373
2319 2367
2320 2381
2321 2361
2322 2379
2323 2372
2324 2380
2325 2375
2326 2373
2327 2378
2328 2365
2329 2385
2330 2357
2331 2395
2332 2374
2333 2363
2334 2373
2335 2373
2336 2371
2337 2363
2338 2365
2339 2373
2340 2375
2341 2374
2342 2363
2343 2359
2344 2364
2345 2369
2346 2365
2347 2374
2348 2359
2349 2371
2350 2374
2351 2379
2352 2371
2353 2375
2354 2352
2355 2359
2356 2362
2357 2368
2358 2371
2359 2357
2360 2365
2361 2359
2362 2365
2363 2373
2364 2366
2365 2358
2366 2357
2367 2355
2368 2363
2369 2372
2370 2357
2371 2374
2372 2362
2373 2361
2374 2359
2375 2362
2376 2359
2377 2363
2378 2363
2379 2363
2380 2363
2381 2349
2382 2348
2383 2351
2384 2357
2385 2361
2386 2350
2387 2361
2388 2363
2389 2355
2390 2349
2391 2357
2392 2363
2393 2359
2394 2355
2395 2356
2396 2357
2397 2363
2398 2345
2399 2350
2400 2345
2401 2361
2402 2355
2403 2361
2404 2356
2405 2351
2406 2353
2407 2369
2408 2357
2409 2357
2410 2349
2411 2345
2412 2342
2413 2359
2414 2350
2415 2355
2416 2341
2417 2341
2418 2349
2419 2347
2420 2363
2421 2362
2422 2351
2423 2353
2424 2336
2425 2359
2426 2357
2427 2347
2428 2354
2429 2351
2430 2339
2431 2346
2432 2349
2433 2344
2434 2341
2435 2357
2436 2353
2437 2357
2438 2355
2439 2345
2440 2345
2441 2345
2442 2349
2443 2339
2444 2352
2445 2340
2446 2329
2447 2344
2448 2347
2449 2335
2450 2341
2451 2330
2452 2340
2453 2347
2454 2349
2455 2341
2456 2331
2457 2351
2458 2348
2459 2338
2460 2334
2461 2342
2462 2345
2463 2344
2464 2345
2465 2341
2466 2341
2467 2344
2468 2341
2469 2340
2470 2349
2471 2341
2472 2344
2473 2336
2474 2339
2475 2353
2476 2333
2477 2346
2478 2337
2479 2327
2480 2354
2481 2323
2482 2341
2483 2324
2484 2331
2485 2341
2486 2336
2487 2330
2488 2337
2489 2355
2490 2334
2491 2325
2492 2338
2493 2335
2494 2333
2495 2333
2496 2325
2497 2341
2498 2349
2499 2329
2500 2322
2501 2328
2502 2324
2503 2327
2504 2340
2505 2331
2506 2330
2507 2340
2508 2336
2509 2332
2510 2327
2511 2335
2512 2337
2513 2335
2514 2325
2515 2336
2516 2337
2517 2337
2518 2326
2519 2323
2520 2341
2521 2335
2522 2319
2523 2329
2524 2329
2525 2327
2526 2322
2527 2325
2528 2337
2529 2329
2530 2344
2531 2325
2532 2325
2533 2327
2534 2311
2535 2317
2536 2319
2537 2323
2538 2310
2539 2321
2540 2315
2541 2325
2542 2320
2543 2323
2544 2317
2545 2329
2546 2325
2547 2321
2548 2314
2549 2315
2550 2328
2551 2317
2552 2316
2553 2317
2554 2312
2555 2339
2556 2309
2557 2313
2558 2320
2559 2317
2560 2317
2561 2321
2562 2313
2563 2299
2564 2307
2565 2313
2566 2314
2567 2317
2568 2305
2569 2315
2570 2315
2571 2320
2572 2318
2573 2310
2574 2307
2575 2317
2576 2305
2577 2317
2578 2312
2579 2313
2580 2320
2581 2308
2582 2311
2583 2313
2584 2311
2585 2329
2586 2311
2587 2312
2588 2313
2589 2305
2590 2309
2591 2296
2592 2304
2593 2309
2594 2303
2595 2301
2596 2309
2597 2314
2598 2311
2599 2312
2600 2310
2601 2307
2602 2304
2603 2309
2604 2313
2605 2313
2606 2308
2607 2302
2608 2301
2609 2310
2610 2305
2611 2304
2612 2308
2613 2307
2614 2305
2615 2311
2616 2303
2617 2309
2618 2297
2619 2307
2620 2307
2621 2307
2622 2305
2623 2299
2624 2321
2625 2303
2626 2299
2627 2303
2628 2305
2629 2304
2630 2307
2631 2313
2632 2305
2633 2305
2634 2293
2635 2301
2636 2307
2637 2309
2638 2313
2639 2287
2640 2293
2641 2310
2642 2301
2643 2292
2644 2299
2645 2308
2646 2307
2647 2293
2648 2283
2649 2300
2650 2303
2651 2297
2652 2293
2653 2303
2654 2289
2655 2298
2656 2297
2657 2304
2658 2300
2659 2295
2660 2301
2661 2275
2662 2288
2663 2297
2664 2289
2665 2295
2666 2301
2667 2283
2668 2282
2669 2292
2670 2289
2671 2295
2672 2311
2673 2293
2674 2287
2675 2283
2676 2290
2677 2288
2678 2275
2679 2289
2680 2285
2681 2283
2682 2283
2683 2275
2684 2289
2685 2289
2686 2295
2687 2281
2688 2277
2689 2289
2690 2285
2691 2293
2692 2271
2693 2285
2694 2275
2695 2277
2696 2273
2697 2277
2698 2289
2699 2279
2700 2280
2701 2285
2702 2285
2703 2287
2704 2286
2705 2269
2706 2283
2707 2282
2708 2279
2709 2275
2710 2277
2711 2285
2712 2297
2713 2289
2714 2284
2715 2282
2716 2281
2717 2277
2718 2275
2719 2283
2720 2293
2721 2279
2722 2278
2723 2283
2724 2273
2725 2271
2726 2281
2727 2267
2728 2267
2729 2281
2730 2279
2731 2272
2732 2275
2733 2273
2734 2280
2735 2270
2736 2274
2737 2277
2738 2261
2739 2265
2740 2263
2741 2255
2742 2269
2743 2273
2744 2271
2745 2263
2746 2271
2747 2273
2748 2253
2749 2277
2750 2257
2751 2261
2752 2263
2753 2262
2754 2271
2755 2263
2756 2279
2757 2276
2758 2252
2759 2261
2760 2271
2761 2267
2762 2265
2763 2266
2764 2267
2765 2259
2766 2273
2767 2263
2768 2257
2769 2261
2770 2266
2771 2254
2772 2263
2773 2263
2774 2253
2775 2260
2776 2253
2777 2252
2778 2264
2779 2259
2780 2259
2781 2265
2782 2273
2783 2267
2784 2264
2785 2264
2786 2263
2787 2256
2788 2268
2789 2253
2790 2263
2791 2250
2792 2249
2793 2267
2794 2257
2795 2258
2796 2255
2797 2260
2798 2253
2799 2248
2800 2254
2801 2259
2802 2250
2803 2251
2804 2249
2805 2268
2806 2249
2807 2261
2808 2255
2809 2253
2810 2247
2811 2263
2812 2248
2813 2245
2814 2253
2815 2249
2816 2255
2817 2236
2818 2263
2819 2263
2820 2249
2821 2251
2822 2259
2823 2235
2824 2240
2825 2253
2826 2244
2827 2251
2828 2249
2829 2235
2830 2232
2831 2253
2832 2239
2833 2240
2834 2255
2835 2245
2836 2235
2837 2240
2838 2241
2839 2248
2840 2246
2841 2241
2842 2245
2843 2243
2844 2246
2845 2240
2846 2243
2847 2237
2848 2255
2849 2237
2850 2249
2851 2241
2852 2235
2853 2245
2854 2240
2855 2239
2856 2239
2857 2237
2858 2240
2859 2237
2860 2227
2861 2229
2862 2237
2863 2229
2864 2233
2865 2236
2866 2238
2867 2249
2868 2231
2869 2235
2870 2236
2871 2233
2872 2240
2873 2241
2874 2235
2875 2225
2876 2240
2877 2223
2878 2247
2879 2240
2880 2231
2881 2233
2882 2237
2883 2232
2884 2235
2885 2242
2886 2238
2887 2236
2888 2244
2889 2231
2890 2235
2891 2235
2892 2227
2893 2241
2894 2226
2895 2237
2896 2240
2897 2223
2898 2223
2899 2240
2900 2232
2901 2230
2902 2240
2903 2221
2904 2228
2905 2235
2906 2217
2907 2240
2908 2229
2909 2229
2910 2225
2911 2234
2912 2213
2913 2231
2914 2231
2915 2220
2916 2229
2917 2227
2918 2232
2919 2217
2920 2226
2921 2227
2922 2221
2923 2232
2924 2229
2925 2225
2926 2223
2927 2223
2928 2225
2929 2213
2930 2220
2931 2223
2932 2223
2933 2230
2934 2239
2935 2233
2936 2223
2937 2229
2938 2216
2939 2214
2940 2227
2941 2225
2942 2215
2943 2237
2944 2221
2945 2229
2946 2217
2947 2227
2948 2225
2949 2217
2950 2217
2951 2219
2952 2209
2953 2228
2954 2221
2955 2215
2956 2216
2957 2224
2958 2219
2959 2221
2960 2225
2961 2214
2962 2205
2963 2209
2964 2221
2965 2217
2966 2212
2967 2215
2968 2209
2969 2227
2970 2224
2971 2211
2972 2229
2973 2218
2974 2221
2975 2214
2976 2219
2977 2223
2978 2227
2979 2207
2980 2202
2981 2214
2982 2210
2983 2223
2984 2205
2985 2213
2986 2214
2987 2214
2988 2206
2989 2209
2990 2205
2991 2217
2992 2200
2993 2213
2994 2204
2995 2205
2996 2207
2997 2228
2998 2206
2999 2213
3000 2211
3001 2221
3002 2202
3003 2201
3004 2203
3005 2206
3006 2213
3007 2201
3008 2209
3009 2223
3010 2201
3011 2213
3012 2208
3013 2211
3014 2204
3015 2211
3016 2198
3017 2199
3018 2207
3019 2216
3020 2209
3021 2202
3022 2203
3023 2211
3024 2227
3025 2223
3026 2205
3027 2211
3028 2202
3029 2208
3030 2225
3031 2209
3032 2201
3033 2214
3034 2208
3035 2217
3036 2207
3037 2205
3038 2203
3039 2203
3040 2202
3041 2197
3042 2199
3043 2202
3044 2205
3045 2201
3046 2199
3047 2211
3048 2206
3049 2199
3050 2195
3051 2203
3052 2192
3053 2196
3054 2204
3055 2204
3056 2207
3057 2201
3058 2185
3059 2203
3060 2205
3061 2205
3062 2204
3063 2209
3064 2205
3065 2205
3066 2193
3067 2197
3068 2194
3069 2193
3070 2193
3071 2203
3072 2187
3073 2205
3074 2205
3075 2206
3076 2204
3077 2205
3078 2200
3079 2196
3080 2210
3081 2203
3082 2184
3083 2202
3084 2208
3085 2200
3086 2197
3087 2192
3088 2212
3089 2201
3090 2201
3091 2204
3092 2195
3093 2189
3094 2199
3095 2195
3096 2177
3097 2187
3098 2176
3099 2198
3100 2188
3101 2197
3102 2185
3103 2182
3104 2161
3105 2201
3106 2187
3107 2185
3108 2183
3109 2181
3110 2183
3111 2195
3112 2171
3113 2185
3114 2170
3115 2181
3116 2186
3117 2178
3118 2176
3119 2183
3120 2181
3121 2168
3122 2173
3123 2172
3124 2167
3125 2173
3126 2171
3127 2173
3128 2165
3129 2165
3130 2167
3131 2161
3132 2155
3133 2169
3134 2164
3135 2168
3136 2163
3137 2160
3138 2147
3139 2154
3140 2163
3141 2151
3142 2161
3143 2142
3144 2157
3145 2145
3146 2137
3147 2139
3148 2145
3149 2153
3150 2149
3151 2135
3152 2139
3153 2139
3154 2145
3155 2127
3156 2139
3157 2144
3158 2131
3159 2135
3160 2135
3161 2131
3162 2133
3163 2129
3164 2136
3165 2129
3166 2126
3167 2136
3168 2135
3169 2121
3170 2130
3171 2129
3172 2121
3173 2122
3174 2127
3175 2115
3176 2125
3177 2125
3178 2120
3179 2129
3180 2118
3181 2106
3182 2117
3183 2111
3184 2117
3185 2107
3186 2107
3187 2125
3188 2122
3189 2113
3190 2115
3191 2117
3192 2111
3193 2117
3194 2110
3195 2108
3196 2107
3197 2103
3198 2103
3199 2120
3200 2101
3201 2109
3202 2103
3203 2103
3204 2101
3205 2101
3206 2105
3207 2096
3208 2092
3209 2077
3210 2094
3211 2100
3212 2100
3213 2092
3214 2109
3215 2098
3216 2095
3217 2113
3218 2089
3219 2098
3220 2095
3221 2101
3222 2094
3223 2087
3224 2100
3225 2093
3226 2093
3227 2091
3228 2097
3229 2093
3230 2077
3231 2096
3232 2089
3233 2082
3234 2087
3235 2089
3236 2086
3237 2093
3238 2083
3239 2087
3240 2096
3241 2090
3242 2081
3243 2099
3244 2090
3245 2092
3246 2089
3247 2092
3248 2075
3249 2085
3250 2075
3251 2088
3252 2077
3253 2073
3254 2084
3255 2082
3256 2067
3257 2082
3258 2089
3259 2091
3260 2083
3261 2085
3262 2081
3263 2080
3264 2072
3265 2073
3266 2079
3267 2080
3268 2087
3269 2083
3270 2071
3271 2073
3272 2068
3273 2069
3274 2076
3275 2070
3276 2075
3277 2067
3278 2074
3279 2074
3280 2073
3281 2089
3282 2068
3283 2075
3284 2087
3285 2073
3286 2081
3287 2075
3288 2069
3289 2064
3290 2076
3291 2087
3292 2069
3293 2081
3294 2080
3295 2074
3296 2062
3297 2066
3298 2059
3299 2071
3300 2057
3301 2061
3302 2066
3303 2066
3304 2065
3305 2065
3306 2056
3307 2082
3308 2063
3309 2065
3310 2056
3311 2061
3312 2065
3313 2057
3314 2061
3315 2073
3316 2064
3317 2067
3318 2067
3319 2068
3320 2072
3321 2071
3322 2057
3323 2073
3324 2071
3325 2055
3326 2073
3327 2074
3328 2059
3329 2072
3330 2060
3331 2062
3332 2071
3333 2064
3334 2075
3335 2055
3336 2073
3337 2063
3338 2062
3339 2059
3340 2054
3341 2064
3342 2060
3343 2059
3344 2067
3345 2064
3346 2071
3347 2064
3348 2076
3349 2065
3350 2069
3351 2063
3352 2059
3353 2053
3354 2063
3355 2053
3356 2058
3357 2069
3358 2069
3359 2058
3360 2059
3361 2064
3362 2070
3363 2056
3364 2049
3365 2066
3366 2063
3367 2057
3368 2059
3369 2049
3370 2073
3371 2061
3372 2057
3373 2069
3374 2063
3375 2061
3376 2066
3377 2067
3378 2055
3379 2063
3380 2059
3381 2061
3382 2057
3383 2054
3384 2064
3385 2071
3386 2064
3387 2056
3388 2063
3389 2054
3390 2057
3391 2059
3392 2071
3393 2049
3394 2052
3395 2061
3396 2057
3397 2064
3398 2062
3399 2066
3400 2063
3401 2051
3402 2049
3403 2056
3404 2057
3405 2054
3406 2064
3407 2052
3408 2056
3409 2059
3410 2063
3411 2053
3412 2050
3413 2073
3414 2049
3415 2055
3416 2059
3417 2051
3418 2050
3419 2053
3420 2050
3421 2053
3422 2054
3423 2057
3424 2055
3425 2057
3426 2061
3427 2054
3428 2043
3429 2051
3430 2036
3431 2054
3432 2042
3433 2053
3434 2057
3435 2045
3436 2052
3437 2043
3438 2053
3439 2057
3440 2049
3441 2049
3442 2051
3443 2059
3444 2041
3445 2050
3446 2052
3447 2049
3448 2051
3449 2043
3450 2050
3451 2041
3452 2056
3453 2053
3454 2051
3455 2057
3456 2048
3457 2045
3458 2049
3459 2047
3460 2047
3461 2042
3462 2055
3463 2053
3464 2059
3465 2049
3466 2057
3467 2050
3468 2047
3469 2041
3470 2065
3471 2054
3472 2059
3473 2053
3474 2058
3475 2044
3476 2047
3477 2051
3478 2056
3479 2044
3480 2051
3481 2044
3482 2043
3483 2050
3484 2050
3485 2057
3486 2054
3487 2053
3488 2043
3489 2043
3490 2044
3491 2046
3492 2044
3493 2045
3494 2041
3495 2053
3496 2046
3497 2048
3498 2051
3499 2034
3500 2041
3501 2046
3502 2032
3503 2045
3504 2046
3505 2051
3506 2035
3507 2060
3508 2041
3509 2041
3510 2039
3511 2041
3512 2039
3513 2054
3514 2039
3515 2043
3516 2059
3517 2045
3518 2040
3519 2041
3520 2051
3521 2037
3522 2045
3523 2049
3524 2041
3525 2049
3526 2041
3527 2036
3528 2035
3529 2041
3530 2040
3531 2045
3532 2053
3533 2048
3534 2049
3535 2049
3536 2037
3537 2052
3538 2035
3539 2048
3540 2034
3541 2052
3542 2037
3543 2053
3544 2055
3545 2046
3546 2048
3547 2053
3548 2050
3549 2043
3550 2051
3551 2055
3552 2033
3553 2033
3554 2038
3555 2036
3556 2041
3557 2039
3558 2042
3559 2049
3560 2045
3561 2040
3562 2043
3563 2038
3564 2052
3565 2041
3566 2037
3567 2043
3568 2041
3569 2053
3570 2046
3571 2049
3572 2041
3573 2029
3574 2051
3575 2038
3576 2042
3577 2049
3578 2047
3579 2045
3580 2035
3581 2040
3582 2033
3583 2045
3584 2041
3585 2051
3586 2035
3587 2045
3588 2045
3589 2041
3590 2047
3591 2041
3592 2045
3593 2039
3594 2058
3595 2043
3596 2049
3597 2046
3598 2047
3599 2048
3600 2041
3601 2049
3602 2039
3603 2033
3604 2037
3605 2035
3606 2039
3607 2047
3608 2054
3609 2051
3610 2043
3611 2037
3612 2037
3613 2045
3614 2048
3615 2049
3616 2047
3617 2046
3618 2032
3619 2043
3620 2045
3621 2045
3622 2041
3623 2057
3624 2038
3625 2047
3626 2046
3627 2045
3628 2060
3629 2049
3630 2046
3631 2051
3632 2039
3633 2049
3634 2049
3635 2044
3636 2043
3637 2045
3638 2049
3639 2045
3640 2039
3641 2040
3642 2049
3643 2041
3644 2039
3645 2046
3646 2046
3647 2041
3648 2041
3649 2040
3650 2043
3651 2055
3652 2039
3653 2049
3654 2047
3655 2045
3656 2046
3657 2039
3658 2054
3659 2039
3660 2055
3661 2049
3662 2057
3663 2041
3664 2044
3665 2049
3666 2046
3667 2044
3668 2045
3669 2048
3670 2045
3671 2050
3672 2036
3673 2045
3674 2059
3675 2044
3676 2057
3677 2048
3678 2047
3679 2047
3680 2050
3681 2049
3682 2039
3683 2055
3684 2042
3685 2091
3686 3131
3687 4095
3688 4095
3689 4095
3690 4095
3691 4095
3692 4095
3693 4095
3694 4095
