#Data from the TCD1304 linear CCD
#column 1 = pixelnumber , column 2 = pixelvalue
#Pixel 1-32 and 3679-3694 and are dummy pixels
#SH-period: 200    ICG-period: 100000    Integration time: 100.0 us
2 3
3 5
4 1
5 1
6 1
7 1
8 1
9 1
10 1
11 1
12 1
13 1
14 1
15 1
16 1
17 1
18 1
19 1
20 1
21 1
22 1
23 1
24 1
25 1
26 1
27 1
28 1
29 1
30 1
31 1
32 2145
34 2423
35 2433
36 2435
37 2443
38 2445
39 2449
40 2449
41 2451
42 2451
43 2453
44 2457
45 2455
46 2459
47 2459
48 2463
49 2459
50 2463
51 2461
52 2463
53 2463
54 2465
55 2465
56 2467
57 2467
58 2469
59 2467
60 2469
61 2469
62 2471
63 2469
64 2471
65 2473
66 2473
67 2473
68 2475
69 2471
70 2473
71 2473
72 2475
73 2475
74 2475
75 2475
76 2475
77 2477
78 2479
79 2477
80 2479
81 2477
82 2479
83 2477
84 2479
85 2479
86 2479
87 2477
88 2481
89 2479
90 2481
91 2479
92 2481
93 2481
94 2483
95 2481
96 2483
97 2481
98 2485
99 2479
100 2483
101 2481
102 2483
103 2483
104 2483
105 2483
106 2483
107 2481
108 2485
109 2483
110 2481
111 2482
112 2485
113 2483
114 2483
115 2483
116 2485
117 2483
118 2485
119 2483
120 2485
121 2483
122 2485
123 2485
124 2485
125 2485
126 2485
127 2483
128 2485
129 2485
130 2485
131 2483
132 2485
133 2485
134 2487
135 2485
136 2487
137 2483
138 2485
139 2485
140 2485
141 2483
142 2487
143 2485
144 2485
145 2485
146 2487
147 2483
148 2487
149 2485
150 2487
151 2485
152 2487
153 2487
154 2485
155 2485
156 2487
157 2485
158 2487
159 2485
160 2487
161 2485
162 2487
163 2485
164 2489
165 2485
166 2487
167 2485
168 2487
169 2485
170 2487
171 2483
172 2487
173 2487
174 2483
175 2485
176 2487
177 2485
178 2487
179 2487
180 2487
181 2487
182 2489
183 2485
184 2487
185 2485
186 2487
187 2487
188 2487
189 2487
190 2487
191 2483
192 2487
193 2485
194 2487
195 2485
196 2487
197 2485
198 2487
199 2485
200 2487
201 2485
202 2487
203 2487
204 2487
205 2485
206 2487
207 2485
208 2485
209 2485
210 2487
211 2483
212 2487
213 2485
214 2487
215 2483
216 2487
217 2485
218 2489
219 2487
220 2487
221 2487
222 2485
223 2489
224 2487
225 2483
226 2488
227 2485
228 2487
229 2484
230 2487
231 2487
232 2487
233 2487
234 2489
235 2483
236 2487
237 2487
238 2489
239 2485
240 2488
241 2487
242 2489
243 2487
244 2489
245 2487
246 2485
247 2485
248 2489
249 2485
250 2487
251 2487
252 2489
253 2485
254 2487
255 2487
256 2487
257 2486
258 2489
259 2487
260 2487
261 2485
262 2487
263 2487
264 2485
265 2487
266 2489
267 2485
268 2489
269 2487
270 2487
271 2485
272 2489
273 2487
274 2487
275 2487
276 2489
277 2487
278 2485
279 2487
280 2489
281 2485
282 2489
283 2487
284 2489
285 2487
286 2487
287 2487
288 2487
289 2486
290 2489
291 2485
292 2487
293 2487
294 2489
295 2485
296 2487
297 2487
298 2489
299 2483
300 2489
301 2487
302 2487
303 2487
304 2487
305 2487
306 2489
307 2487
308 2489
309 2487
310 2487
311 2487
312 2488
313 2485
314 2489
315 2487
316 2487
317 2485
318 2489
319 2487
320 2489
321 2485
322 2489
323 2487
324 2485
325 2487
326 2489
327 2487
328 2489
329 2487
330 2489
331 2485
332 2489
333 2487
334 2489
335 2485
336 2488
337 2487
338 2487
339 2487
340 2487
341 2487
342 2487
343 2487
344 2489
345 2485
346 2489
347 2487
348 2491
349 2487
350 2489
351 2487
352 2487
353 2487
354 2489
355 2487
356 2487
357 2487
358 2489
359 2487
360 2489
361 2487
362 2487
363 2487
364 2489
365 2487
366 2487
367 2487
368 2489
369 2485
370 2487
371 2487
372 2487
373 2487
374 2487
375 2487
376 2487
377 2487
378 2489
379 2487
380 2489
381 2487
382 2489
383 2485
384 2489
385 2487
386 2489
387 2487
388 2487
389 2487
390 2487
391 2487
392 2489
393 2485
394 2488
395 2487
396 2487
397 2487
398 2489
399 2485
400 2485
401 2487
402 2488
403 2485
404 2487
405 2487
406 2489
407 2487
408 2489
409 2487
410 2487
411 2487
412 2487
413 2487
414 2487
415 2485
416 2487
417 2485
418 2487
419 2487
420 2487
421 2485
422 2487
423 2489
424 2485
425 2487
426 2487
427 2487
428 2487
429 2487
430 2489
431 2487
432 2487
433 2485
434 2489
435 2487
436 2488
437 2487
438 2487
439 2487
440 2489
441 2487
442 2491
443 2485
444 2488
445 2487
446 2487
447 2485
448 2489
449 2487
450 2487
451 2487
452 2487
453 2485
454 2487
455 2489
456 2489
457 2488
458 2487
459 2487
460 2487
461 2487
462 2487
463 2485
464 2487
465 2485
466 2487
467 2487
468 2487
469 2487
470 2487
471 2487
472 2489
473 2487
474 2487
475 2487
476 2485
477 2487
478 2487
479 2485
480 2487
481 2487
482 2489
483 2489
484 2488
485 2487
486 2487
487 2487
488 2487
489 2485
490 2487
491 2487
492 2487
493 2487
494 2487
495 2487
496 2485
497 2487
498 2487
499 2485
500 2487
501 2487
502 2487
503 2487
504 2489
505 2487
506 2485
507 2487
508 2487
509 2489
510 2487
511 2487
512 2487
513 2487
514 2487
515 2487
516 2485
517 2487
518 2487
519 2487
520 2487
521 2489
522 2487
523 2487
524 2489
525 2487
526 2487
527 2487
528 2489
529 2489
530 2489
531 2488
532 2487
533 2487
534 2487
535 2487
536 2487
537 2487
538 2487
539 2487
540 2489
541 2489
542 2487
543 2487
544 2487
545 2487
546 2487
547 2487
548 2489
549 2485
550 2489
551 2487
552 2485
553 2487
554 2487
555 2487
556 2487
557 2487
558 2487
559 2485
560 2487
561 2487
562 2489
563 2489
564 2488
565 2485
566 2487
567 2487
568 2487
569 2487
570 2487
571 2487
572 2487
573 2489
574 2488
575 2489
576 2489
577 2489
578 2489
579 2485
580 2489
581 2487
582 2487
583 2487
584 2489
585 2487
586 2487
587 2487
588 2487
589 2487
590 2487
591 2489
592 2487
593 2489
594 2489
595 2487
596 2489
597 2488
598 2491
599 2485
600 2487
601 2487
602 2487
603 2487
604 2493
605 2487
606 2487
607 2487
608 2489
609 2485
610 2489
611 2489
612 2487
613 2487
614 2487
615 2489
616 2489
617 2487
618 2489
619 2487
620 2487
621 2487
622 2487
623 2489
624 2487
625 2489
626 2487
627 2487
628 2489
629 2489
630 2489
631 2489
632 2489
633 2487
634 2489
635 2487
636 2485
637 2487
638 2489
639 2487
640 2487
641 2487
642 2487
643 2485
644 2487
645 2487
646 2487
647 2487
648 2489
649 2487
650 2485
651 2487
652 2487
653 2487
654 2487
655 2487
656 2488
657 2485
658 2487
659 2487
660 2487
661 2487
662 2488
663 2487
664 2489
665 2487
666 2489
667 2485
668 2487
669 2487
670 2487
671 2487
672 2489
673 2489
674 2487
675 2487
676 2489
677 2489
678 2489
679 2489
680 2489
681 2487
682 2487
683 2487
684 2487
685 2487
686 2487
687 2485
688 2487
689 2487
690 2489
691 2491
692 2489
693 2487
694 2487
695 2488
696 2489
697 2488
698 2489
699 2487
700 2489
701 2487
702 2487
703 2489
704 2489
705 2487
706 2487
707 2487
708 2487
709 2487
710 2489
711 2485
712 2487
713 2487
714 2489
715 2485
716 2489
717 2489
718 2487
719 2487
720 2488
721 2489
722 2487
723 2489
724 2487
725 2485
726 2489
727 2489
728 2489
729 2487
730 2489
731 2489
732 2487
733 2487
734 2489
735 2487
736 2487
737 2488
738 2489
739 2485
740 2488
741 2489
742 2489
743 2487
744 2488
745 2489
746 2487
747 2489
748 2489
749 2485
750 2487
751 2487
752 2487
753 2487
754 2489
755 2487
756 2487
757 2487
758 2489
759 2486
760 2487
761 2487
762 2489
763 2487
764 2489
765 2487
766 2487
767 2487
768 2489
769 2489
770 2487
771 2487
772 2489
773 2489
774 2487
775 2489
776 2487
777 2487
778 2489
779 2489
780 2489
781 2487
782 2489
783 2489
784 2487
785 2487
786 2487
787 2487
788 2487
789 2487
790 2487
791 2487
792 2488
793 2489
794 2489
795 2487
796 2487
797 2487
798 2491
799 2487
800 2487
801 2487
802 2487
803 2487
804 2487
805 2487
806 2489
807 2489
808 2489
809 2489
810 2489
811 2489
812 2489
813 2487
814 2487
815 2487
816 2487
817 2487
818 2487
819 2485
820 2487
821 2489
822 2487
823 2487
824 2483
825 2487
826 2485
827 2487
828 2481
829 2487
830 2067
831 2487
832 1047
833 2465
834 1039
835 1557
836 1027
837 1029
838 1031
839 1019
840 1033
841 1027
842 1025
843 1019
844 1019
845 1025
846 1025
847 1015
848 1015
849 1015
850 1001
851 1009
852 1007
853 1005
854 1003
855 991
856 999
857 999
858 987
859 995
860 1005
861 983
862 997
863 991
864 991
865 991
866 985
867 991
868 995
869 989
870 991
871 991
872 1001
873 987
874 987
875 991
876 989
877 979
878 999
879 997
880 987
881 993
882 983
883 977
884 983
885 961
886 975
887 975
888 969
889 967
890 967
891 951
892 959
893 953
894 959
895 953
896 963
897 947
898 947
899 949
900 949
901 945
902 939
903 943
904 939
905 951
906 943
907 943
908 933
909 935
910 943
911 937
912 927
913 937
914 931
915 937
916 943
917 943
918 929
919 935
920 939
921 933
922 925
923 937
924 935
925 929
926 933
927 935
928 929
929 941
930 929
931 935
932 929
933 933
934 933
935 935
936 927
937 929
938 929
939 931
940 933
941 931
942 935
943 927
944 929
945 927
946 933
947 927
948 927
949 917
950 923
951 907
952 919
953 917
954 915
955 913
956 911
957 915
958 903
959 913
960 903
961 893
962 891
963 895
964 895
965 887
966 885
967 877
968 887
969 875
970 879
971 877
972 875
973 873
974 871
975 885
976 875
977 875
978 877
979 877
980 881
981 879
982 875
983 879
984 867
985 871
986 871
987 875
988 883
989 877
990 881
991 875
992 883
993 893
994 885
995 883
996 883
997 875
998 881
999 885
1000 877
1001 875
1002 875
1003 879
1004 875
1005 877
1006 861
1007 873
1008 863
1009 873
1010 867
1011 859
1012 863
1013 855
1014 859
1015 859
1016 863
1017 853
1018 855
1019 849
1020 845
1021 845
1022 861
1023 847
1024 841
1025 857
1026 845
1027 849
1028 851
1029 847
1030 851
1031 853
1032 847
1033 847
1034 843
1035 845
1036 851
1037 851
1038 849
1039 841
1040 845
1041 847
1042 837
1043 855
1044 843
1045 845
1046 847
1047 837
1048 857
1049 843
1050 847
1051 831
1052 845
1053 837
1054 851
1055 849
1056 837
1057 837
1058 839
1059 837
1060 845
1061 823
1062 835
1063 839
1064 841
1065 825
1066 835
1067 827
1068 827
1069 839
1070 823
1071 831
1072 829
1073 831
1074 821
1075 833
1076 823
1077 817
1078 813
1079 819
1080 815
1081 819
1082 821
1083 817
1084 815
1085 823
1086 813
1087 819
1088 819
1089 809
1090 813
1091 809
1092 809
1093 813
1094 805
1095 797
1096 795
1097 803
1098 799
1099 795
1100 799
1101 791
1102 793
1103 783
1104 787
1105 791
1106 785
1107 785
1108 783
1109 785
1110 781
1111 785
1112 793
1113 775
1114 785
1115 781
1116 789
1117 783
1118 785
1119 801
1120 795
1121 791
1122 799
1123 789
1124 799
1125 789
1126 797
1127 799
1128 791
1129 789
1130 799
1131 793
1132 795
1133 791
1134 781
1135 779
1136 787
1137 779
1138 775
1139 779
1140 779
1141 771
1142 779
1143 765
1144 775
1145 773
1146 775
1147 771
1148 785
1149 767
1150 771
1151 785
1152 769
1153 765
1154 775
1155 771
1156 785
1157 779
1158 779
1159 781
1160 777
1161 777
1162 765
1163 783
1164 773
1165 771
1166 767
1167 771
1168 767
1169 765
1170 767
1171 769
1172 771
1173 759
1174 755
1175 761
1176 755
1177 751
1178 767
1179 763
1180 757
1181 751
1182 767
1183 759
1184 765
1185 755
1186 755
1187 747
1188 751
1189 741
1190 751
1191 741
1192 739
1193 749
1194 749
1195 743
1196 739
1197 745
1198 735
1199 735
1200 745
1201 735
1202 727
1203 737
1204 731
1205 733
1206 731
1207 723
1208 731
1209 731
1210 731
1211 743
1212 729
1213 733
1214 731
1215 733
1216 735
1217 735
1218 733
1219 733
1220 729
1221 731
1222 731
1223 729
1224 733
1225 727
1226 723
1227 739
1228 727
1229 721
1230 735
1231 735
1232 731
1233 723
1234 729
1235 727
1236 727
1237 737
1238 741
1239 723
1240 739
1241 731
1242 745
1243 733
1244 735
1245 731
1246 735
1247 735
1248 733
1249 733
1250 735
1251 727
1252 729
1253 727
1254 725
1255 739
1256 737
1257 729
1258 731
1259 727
1260 731
1261 729
1262 735
1263 727
1264 731
1265 727
1266 723
1267 717
1268 739
1269 735
1270 727
1271 741
1272 735
1273 737
1274 727
1275 739
1276 741
1277 735
1278 739
1279 735
1280 729
1281 733
1282 731
1283 725
1284 731
1285 719
1286 715
1287 715
1288 711
1289 705
1290 701
1291 711
1292 701
1293 703
1294 697
1295 693
1296 689
1297 691
1298 691
1299 687
1300 691
1301 683
1302 685
1303 683
1304 689
1305 685
1306 691
1307 687
1308 693
1309 683
1310 697
1311 695
1312 695
1313 683
1314 695
1315 693
1316 695
1317 699
1318 695
1319 703
1320 701
1321 699
1322 697
1323 703
1324 713
1325 705
1326 703
1327 703
1328 711
1329 705
1330 701
1331 717
1332 701
1333 705
1334 707
1335 705
1336 715
1337 709
1338 703
1339 703
1340 707
1341 705
1342 705
1343 705
1344 697
1345 701
1346 693
1347 693
1348 691
1349 689
1350 693
1351 687
1352 687
1353 687
1354 687
1355 687
1356 693
1357 683
1358 683
1359 687
1360 693
1361 681
1362 679
1363 681
1364 687
1365 675
1366 677
1367 683
1368 677
1369 671
1370 663
1371 663
1372 659
1373 649
1374 649
1375 647
1376 645
1377 643
1378 631
1379 621
1380 627
1381 631
1382 631
1383 619
1384 623
1385 605
1386 607
1387 617
1388 603
1389 601
1390 599
1391 593
1392 587
1393 595
1394 583
1395 591
1396 585
1397 577
1398 583
1399 573
1400 571
1401 565
1402 571
1403 569
1404 571
1405 563
1406 563
1407 563
1408 563
1409 561
1410 561
1411 559
1412 557
1413 557
1414 553
1415 547
1416 555
1417 547
1418 549
1419 541
1420 545
1421 539
1422 541
1423 541
1424 543
1425 527
1426 529
1427 537
1428 533
1429 535
1430 525
1431 527
1432 525
1433 521
1434 529
1435 525
1436 521
1437 521
1438 519
1439 517
1440 519
1441 513
1442 507
1443 513
1444 507
1445 513
1446 505
1447 499
1448 509
1449 507
1450 501
1451 497
1452 507
1453 501
1454 495
1455 493
1456 495
1457 495
1458 495
1459 495
1460 487
1461 483
1462 493
1463 487
1464 483
1465 481
1466 481
1467 481
1468 471
1469 471
1470 481
1471 473
1472 473
1473 473
1474 469
1475 471
1476 461
1477 473
1478 465
1479 465
1480 467
1481 461
1482 463
1483 455
1484 457
1485 457
1486 459
1487 451
1488 455
1489 455
1490 457
1491 453
1492 461
1493 455
1494 453
1495 449
1496 455
1497 457
1498 457
1499 451
1500 453
1501 445
1502 453
1503 451
1504 443
1505 453
1506 453
1507 447
1508 449
1509 451
1510 449
1511 441
1512 445
1513 445
1514 449
1515 447
1516 439
1517 437
1518 447
1519 443
1520 437
1521 441
1522 447
1523 449
1524 441
1525 443
1526 445
1527 447
1528 443
1529 451
1530 439
1531 453
1532 445
1533 445
1534 431
1535 445
1536 435
1537 443
1538 443
1539 443
1540 445
1541 441
1542 441
1543 439
1544 441
1545 439
1546 439
1547 451
1548 443
1549 443
1550 445
1551 443
1552 441
1553 441
1554 445
1555 449
1556 445
1557 441
1558 443
1559 449
1560 443
1561 449
1562 453
1563 445
1564 443
1565 441
1566 443
1567 449
1568 449
1569 439
1570 439
1571 445
1572 439
1573 445
1574 447
1575 455
1576 449
1577 451
1578 453
1579 451
1580 449
1581 441
1582 447
1583 449
1584 451
1585 439
1586 443
1587 445
1588 451
1589 449
1590 447
1591 451
1592 449
1593 451
1594 445
1595 451
1596 453
1597 447
1598 455
1599 453
1600 445
1601 451
1602 455
1603 453
1604 455
1605 451
1606 457
1607 447
1608 457
1609 449
1610 449
1611 447
1612 449
1613 453
1614 447
1615 461
1616 459
1617 457
1618 455
1619 457
1620 459
1621 463
1622 453
1623 457
1624 463
1625 461
1626 461
1627 463
1628 461
1629 463
1630 463
1631 465
1632 459
1633 459
1634 465
1635 467
1636 459
1637 465
1638 473
1639 469
1640 465
1641 467
1642 465
1643 465
1644 467
1645 479
1646 467
1647 471
1648 469
1649 461
1650 475
1651 473
1652 479
1653 469
1654 477
1655 477
1656 479
1657 473
1658 477
1659 485
1660 471
1661 469
1662 479
1663 475
1664 475
1665 473
1666 481
1667 477
1668 479
1669 477
1670 483
1671 481
1672 479
1673 479
1674 477
1675 483
1676 483
1677 483
1678 485
1679 481
1680 489
1681 479
1682 481
1683 479
1684 487
1685 487
1686 485
1687 487
1688 487
1689 481
1690 485
1691 485
1692 489
1693 493
1694 491
1695 493
1696 489
1697 487
1698 501
1699 491
1700 493
1701 489
1702 495
1703 495
1704 495
1705 499
1706 487
1707 495
1708 499
1709 495
1710 495
1711 491
1712 499
1713 499
1714 495
1715 503
1716 503
1717 509
1718 499
1719 505
1720 515
1721 513
1722 507
1723 509
1724 515
1725 525
1726 523
1727 515
1728 521
1729 523
1730 523
1731 517
1732 525
1733 521
1734 517
1735 529
1736 527
1737 523
1738 521
1739 529
1740 519
1741 525
1742 525
1743 519
1744 529
1745 517
1746 515
1747 525
1748 531
1749 521
1750 525
1751 521
1752 525
1753 519
1754 525
1755 531
1756 535
1757 521
1758 537
1759 533
1760 549
1761 537
1762 539
1763 549
1764 549
1765 541
1766 549
1767 551
1768 543
1769 553
1770 549
1771 545
1772 551
1773 555
1774 557
1775 553
1776 551
1777 549
1778 551
1779 559
1780 561
1781 555
1782 561
1783 561
1784 561
1785 567
1786 559
1787 563
1788 569
1789 557
1790 565
1791 565
1792 567
1793 571
1794 567
1795 571
1796 573
1797 581
1798 567
1799 577
1800 581
1801 573
1802 583
1803 571
1804 577
1805 577
1806 581
1807 579
1808 581
1809 579
1810 581
1811 593
1812 583
1813 583
1814 587
1815 595
1816 593
1817 595
1818 601
1819 595
1820 601
1821 599
1822 605
1823 607
1824 605
1825 601
1826 611
1827 601
1828 605
1829 605
1830 617
1831 619
1832 613
1833 609
1834 609
1835 611
1836 621
1837 611
1838 615
1839 623
1840 617
1841 617
1842 621
1843 623
1844 619
1845 615
1846 621
1847 619
1848 629
1849 625
1850 621
1851 619
1852 631
1853 627
1854 627
1855 619
1856 619
1857 619
1858 621
1859 621
1860 631
1861 629
1862 635
1863 637
1864 647
1865 631
1866 637
1867 637
1868 631
1869 651
1870 639
1871 639
1872 641
1873 655
1874 643
1875 651
1876 659
1877 651
1878 663
1879 661
1880 663
1881 661
1882 665
1883 663
1884 665
1885 673
1886 663
1887 675
1888 673
1889 671
1890 681
1891 683
1892 683
1893 691
1894 691
1895 697
1896 697
1897 697
1898 695
1899 697
1900 707
1901 701
1902 709
1903 713
1904 715
1905 705
1906 711
1907 713
1908 711
1909 721
1910 713
1911 725
1912 723
1913 723
1914 727
1915 723
1916 727
1917 723
1918 735
1919 733
1920 729
1921 745
1922 737
1923 739
1924 741
1925 743
1926 751
1927 753
1928 759
1929 749
1930 753
1931 757
1932 757
1933 761
1934 763
1935 761
1936 759
1937 767
1938 761
1939 763
1940 765
1941 779
1942 763
1943 769
1944 759
1945 769
1946 781
1947 779
1948 777
1949 783
1950 779
1951 777
1952 789
1953 777
1954 787
1955 781
1956 793
1957 787
1958 793
1959 795
1960 799
1961 791
1962 801
1963 789
1964 795
1965 813
1966 795
1967 801
1968 805
1969 815
1970 809
1971 805
1972 813
1973 821
1974 801
1975 813
1976 813
1977 815
1978 819
1979 815
1980 823
1981 815
1982 827
1983 827
1984 839
1985 831
1986 825
1987 841
1988 831
1989 839
1990 837
1991 849
1992 845
1993 851
1994 841
1995 849
1996 859
1997 857
1998 865
1999 869
2000 869
2001 863
2002 873
2003 883
2004 869
2005 879
2006 875
2007 881
2008 887
2009 887
2010 877
2011 881
2012 891
2013 891
2014 893
2015 891
2016 895
2017 891
2018 891
2019 911
2020 909
2021 907
2022 907
2023 907
2024 909
2025 917
2026 917
2027 913
2028 921
2029 925
2030 935
2031 939
2032 939
2033 943
2034 937
2035 943
2036 941
2037 949
2038 955
2039 947
2040 947
2041 953
2042 955
2043 961
2044 963
2045 965
2046 977
2047 975
2048 979
2049 979
2050 981
2051 979
2052 981
2053 989
2054 985
2055 991
2056 993
2057 995
2058 1003
2059 991
2060 991
2061 995
2062 995
2063 991
2064 1003
2065 999
2066 999
2067 991
2068 1003
2069 999
2070 1011
2071 1017
2072 1005
2073 1007
2074 1019
2075 1013
2076 1019
2077 1029
2078 1025
2079 1029
2080 1031
2081 1043
2082 1041
2083 1051
2084 1041
2085 1047
2086 1059
2087 1059
2088 1065
2089 1057
2090 1055
2091 1067
2092 1069
2093 1073
2094 1073
2095 1089
2096 1075
2097 1077
2098 1083
2099 1077
2100 1081
2101 1093
2102 1089
2103 1095
2104 1097
2105 1103
2106 1099
2107 1101
2108 1095
2109 1095
2110 1103
2111 1105
2112 1103
2113 1105
2114 1107
2115 1119
2116 1115
2117 1115
2118 1123
2119 1121
2120 1129
2121 1149
2122 1135
2123 1147
2124 1151
2125 1145
2126 1151
2127 1153
2128 1143
2129 1161
2130 1161
2131 1181
2132 1189
2133 1181
2134 1187
2135 1205
2136 1203
2137 1211
2138 1197
2139 1221
2140 1237
2141 1223
2142 1217
2143 1231
2144 1227
2145 1223
2146 1247
2147 1251
2148 1245
2149 1259
2150 1249
2151 1243
2152 1257
2153 1247
2154 1249
2155 1269
2156 1263
2157 1271
2158 1271
2159 1271
2160 1269
2161 1271
2162 1271
2163 1283
2164 1275
2165 1295
2166 1277
2167 1281
2168 1299
2169 1293
2170 1291
2171 1295
2172 1291
2173 1307
2174 1297
2175 1299
2176 1301
2177 1317
2178 1315
2179 1311
2180 1313
2181 1323
2182 1311
2183 1331
2184 1323
2185 1329
2186 1341
2187 1337
2188 1345
2189 1349
2190 1359
2191 1365
2192 1357
2193 1363
2194 1361
2195 1365
2196 1377
2197 1373
2198 1381
2199 1369
2200 1383
2201 1377
2202 1393
2203 1389
2204 1377
2205 1399
2206 1389
2207 1399
2208 1403
2209 1421
2210 1417
2211 1409
2212 1417
2213 1407
2214 1421
2215 1415
2216 1421
2217 1443
2218 1435
2219 1447
2220 1443
2221 1441
2222 1455
2223 1453
2224 1463
2225 1463
2226 1465
2227 1471
2228 1481
2229 1477
2230 1493
2231 1501
2232 1487
2233 1503
2234 1513
2235 1511
2236 1507
2237 1513
2238 1521
2239 1523
2240 1527
2241 1535
2242 1535
2243 1537
2244 1535
2245 1555
2246 1545
2247 1551
2248 1561
2249 1563
2250 1571
2251 1563
2252 1571
2253 1567
2254 1563
2255 1567
2256 1591
2257 1579
2258 1583
2259 1589
2260 1595
2261 1597
2262 1597
2263 1619
2264 1609
2265 1629
2266 1621
2267 1621
2268 1615
2269 1627
2270 1617
2271 1627
2272 1641
2273 1647
2274 1625
2275 1647
2276 1643
2277 1651
2278 1649
2279 1643
2280 1661
2281 1669
2282 1661
2283 1663
2284 1681
2285 1665
2286 1673
2287 1673
2288 1695
2289 1697
2290 1695
2291 1709
2292 1705
2293 1715
2294 1717
2295 1711
2296 1709
2297 1715
2298 1717
2299 1721
2300 1733
2301 1731
2302 1729
2303 1739
2304 1751
2305 1753
2306 1759
2307 1773
2308 1771
2309 1769
2310 1769
2311 1775
2312 1787
2313 1773
2314 1783
2315 1789
2316 1787
2317 1805
2318 1797
2319 1807
2320 1815
2321 1819
2322 1815
2323 1821
2324 1827
2325 1833
2326 1833
2327 1835
2328 1833
2329 1835
2330 1837
2331 1837
2332 1847
2333 1841
2334 1843
2335 1853
2336 1851
2337 1865
2338 1865
2339 1861
2340 1879
2341 1879
2342 1875
2343 1873
2344 1881
2345 1893
2346 1901
2347 1885
2348 1885
2349 1891
2350 1895
2351 1903
2352 1905
2353 1909
2354 1917
2355 1919
2356 1923
2357 1929
2358 1935
2359 1943
2360 1933
2361 1945
2362 1953
2363 1957
2364 1943
2365 1951
2366 1951
2367 1949
2368 1955
2369 1975
2370 1945
2371 1977
2372 1983
2373 1985
2374 1985
2375 1977
2376 1973
2377 1987
2378 1977
2379 1985
2380 1975
2381 1983
2382 1999
2383 2005
2384 1995
2385 2001
2386 2007
2387 1993
2388 1999
2389 2011
2390 2009
2391 2007
2392 2005
2393 2013
2394 2011
2395 2019
2396 2013
2397 2021
2398 2023
2399 2027
2400 2023
2401 2009
2402 2035
2403 2011
2404 2027
2405 2019
2406 2025
2407 2031
2408 2031
2409 2037
2410 2031
2411 2027
2412 2031
2413 2033
2414 2035
2415 2029
2416 2031
2417 2023
2418 2047
2419 2039
2420 2047
2421 2039
2422 2035
2423 2033
2424 2041
2425 2037
2426 2037
2427 2045
2428 2049
2429 2047
2430 2045
2431 2055
2432 2031
2433 2045
2434 2041
2435 2039
2436 2051
2437 2043
2438 2043
2439 2045
2440 2039
2441 2053
2442 2061
2443 2057
2444 2041
2445 2053
2446 2047
2447 2047
2448 2047
2449 2065
2450 2043
2451 2055
2452 2051
2453 2041
2454 2055
2455 2049
2456 2041
2457 2051
2458 2045
2459 2033
2460 2055
2461 2063
2462 2053
2463 2049
2464 2047
2465 2053
2466 2049
2467 2063
2468 2069
2469 2065
2470 2057
2471 2063
2472 2061
2473 2067
2474 2065
2475 2065
2476 2059
2477 2065
2478 2061
2479 2047
2480 2065
2481 2053
2482 2057
2483 2065
2484 2075
2485 2077
2486 2069
2487 2069
2488 2061
2489 2055
2490 2069
2491 2071
2492 2075
2493 2077
2494 2063
2495 2065
2496 2075
2497 2069
2498 2067
2499 2055
2500 2061
2501 2067
2502 2063
2503 2067
2504 2063
2505 2067
2506 2073
2507 2069
2508 2055
2509 2065
2510 2075
2511 2079
2512 2075
2513 2081
2514 2081
2515 2083
2516 2081
2517 2071
2518 2085
2519 2075
2520 2069
2521 2081
2522 2075
2523 2081
2524 2077
2525 2079
2526 2075
2527 2083
2528 2067
2529 2073
2530 2087
2531 2067
2532 2075
2533 2085
2534 2089
2535 2081
2536 2081
2537 2083
2538 2081
2539 2077
2540 2067
2541 2073
2542 2079
2543 2083
2544 2079
2545 2077
2546 2073
2547 2083
2548 2087
2549 2077
2550 2081
2551 2095
2552 2081
2553 2079
2554 2079
2555 2087
2556 2077
2557 2079
2558 2093
2559 2081
2560 2097
2561 2079
2562 2085
2563 2075
2564 2089
2565 2081
2566 2085
2567 2081
2568 2081
2569 2089
2570 2081
2571 2097
2572 2091
2573 2093
2574 2075
2575 2099
2576 2087
2577 2077
2578 2097
2579 2095
2580 2093
2581 2091
2582 2093
2583 2083
2584 2099
2585 2105
2586 2093
2587 2101
2588 2097
2589 2095
2590 2099
2591 2099
2592 2087
2593 2099
2594 2089
2595 2099
2596 2108
2597 2093
2598 2095
2599 2093
2600 2097
2601 2099
2602 2093
2603 2103
2604 2097
2605 2099
2606 2095
2607 2097
2608 2113
2609 2095
2610 2105
2611 2099
2612 2105
2613 2101
2614 2105
2615 2097
2616 2103
2617 2087
2618 2101
2619 2109
2620 2095
2621 2105
2622 2101
2623 2109
2624 2095
2625 2089
2626 2099
2627 2107
2628 2105
2629 2103
2630 2111
2631 2101
2632 2095
2633 2099
2634 2097
2635 2111
2636 2101
2637 2113
2638 2111
2639 2109
2640 2105
2641 2103
2642 2103
2643 2115
2644 2109
2645 2105
2646 2101
2647 2115
2648 2113
2649 2105
2650 2105
2651 2101
2652 2109
2653 2101
2654 2113
2655 2113
2656 2109
2657 2117
2658 2109
2659 2121
2660 2107
2661 2127
2662 2101
2663 2115
2664 2107
2665 2117
2666 2109
2667 2123
2668 2125
2669 2123
2670 2121
2671 2121
2672 2117
2673 2117
2674 2111
2675 2117
2676 2111
2677 2119
2678 2115
2679 2111
2680 2111
2681 2121
2682 2111
2683 2117
2684 2115
2685 2129
2686 2127
2687 2123
2688 2113
2689 2127
2690 2113
2691 2133
2692 2107
2693 2129
2694 2115
2695 2131
2696 2127
2697 2121
2698 2121
2699 2113
2700 2125
2701 2113
2702 2123
2703 2119
2704 2117
2705 2125
2706 2117
2707 2121
2708 2117
2709 2121
2710 2119
2711 2123
2712 2119
2713 2131
2714 2131
2715 2119
2716 2129
2717 2131
2718 2125
2719 2119
2720 2129
2721 2121
2722 2121
2723 2129
2724 2125
2725 2137
2726 2131
2727 2125
2728 2135
2729 2123
2730 2135
2731 2133
2732 2129
2733 2131
2734 2137
2735 2137
2736 2135
2737 2147
2738 2133
2739 2141
2740 2131
2741 2135
2742 2129
2743 2137
2744 2131
2745 2133
2746 2133
2747 2135
2748 2137
2749 2137
2750 2131
2751 2135
2752 2137
2753 2137
2754 2133
2755 2135
2756 2137
2757 2141
2758 2137
2759 2147
2760 2143
2761 2143
2762 2147
2763 2147
2764 2143
2765 2147
2766 2145
2767 2149
2768 2147
2769 2143
2770 2143
2771 2151
2772 2145
2773 2145
2774 2147
2775 2145
2776 2141
2777 2149
2778 2137
2779 2149
2780 2143
2781 2155
2782 2145
2783 2153
2784 2151
2785 2147
2786 2149
2787 2151
2788 2155
2789 2143
2790 2147
2791 2151
2792 2147
2793 2151
2794 2143
2795 2155
2796 2147
2797 2149
2798 2155
2799 2155
2800 2155
2801 2151
2802 2153
2803 2151
2804 2155
2805 2149
2806 2153
2807 2145
2808 2153
2809 2155
2810 2149
2811 2157
2812 2159
2813 2153
2814 2157
2815 2151
2816 2149
2817 2151
2818 2151
2819 2155
2820 2157
2821 2161
2822 2159
2823 2159
2824 2151
2825 2157
2826 2155
2827 2163
2828 2151
2829 2163
2830 2153
2831 2155
2832 2153
2833 2153
2834 2157
2835 2167
2836 2157
2837 2171
2838 2163
2839 2171
2840 2165
2841 2157
2842 2163
2843 2157
2844 2161
2845 2167
2846 2169
2847 2163
2848 2161
2849 2161
2850 2163
2851 2159
2852 2167
2853 2171
2854 2163
2855 2169
2856 2167
2857 2165
2858 2173
2859 2163
2860 2171
2861 2165
2862 2167
2863 2165
2864 2169
2865 2167
2866 2171
2867 2175
2868 2173
2869 2177
2870 2173
2871 2175
2872 2167
2873 2167
2874 2161
2875 2159
2876 2167
2877 2167
2878 2171
2879 2173
2880 2173
2881 2179
2882 2169
2883 2181
2884 2169
2885 2177
2886 2171
2887 2169
2888 2177
2889 2175
2890 2171
2891 2169
2892 2167
2893 2169
2894 2173
2895 2183
2896 2171
2897 2181
2898 2173
2899 2181
2900 2175
2901 2173
2902 2177
2903 2183
2904 2181
2905 2179
2906 2173
2907 2175
2908 2175
2909 2175
2910 2181
2911 2173
2912 2179
2913 2169
2914 2181
2915 2179
2916 2183
2917 2177
2918 2185
2919 2179
2920 2181
2921 2171
2922 2180
2923 2177
2924 2179
2925 2182
2926 2181
2927 2185
2928 2179
2929 2177
2930 2179
2931 2183
2932 2183
2933 2179
2934 2183
2935 2179
2936 2187
2937 2187
2938 2187
2939 2189
2940 2177
2941 2183
2942 2183
2943 2185
2944 2183
2945 2183
2946 2185
2947 2183
2948 2181
2949 2183
2950 2181
2951 2183
2952 2177
2953 2185
2954 2177
2955 2185
2956 2173
2957 2189
2958 2179
2959 2185
2960 2179
2961 2187
2962 2181
2963 2181
2964 2179
2965 2181
2966 2179
2967 2181
2968 2179
2969 2183
2970 2183
2971 2191
2972 2181
2973 2185
2974 2187
2975 2191
2976 2191
2977 2195
2978 2187
2979 2187
2980 2187
2981 2189
2982 2195
2983 2187
2984 2193
2985 2189
2986 2193
2987 2193
2988 2195
2989 2191
2990 2195
2991 2193
2992 2193
2993 2189
2994 2193
2995 2187
2996 2195
2997 2189
2998 2191
2999 2183
3000 2193
3001 2187
3002 2197
3003 2189
3004 2195
3005 2191
3006 2195
3007 2189
3008 2195
3009 2195
3010 2191
3011 2189
3012 2193
3013 2191
3014 2191
3015 2191
3016 2197
3017 2199
3018 2195
3019 2195
3020 2199
3021 2193
3022 2195
3023 2201
3024 2201
3025 2203
3026 2199
3027 2201
3028 2199
3029 2201
3030 2197
3031 2199
3032 2201
3033 2197
3034 2197
3035 2199
3036 2203
3037 2207
3038 2205
3039 2207
3040 2207
3041 2211
3042 2205
3043 2209
3044 2201
3045 2203
3046 2201
3047 2205
3048 2201
3049 2197
3050 2203
3051 2203
3052 2209
3053 2209
3054 2207
3055 2207
3056 2205
3057 2205
3058 2203
3059 2207
3060 2205
3061 2201
3062 2205
3063 2201
3064 2203
3065 2205
3066 2203
3067 2207
3068 2203
3069 2205
3070 2205
3071 2211
3072 2209
3073 2215
3074 2211
3075 2215
3076 2211
3077 2213
3078 2215
3079 2215
3080 2213
3081 2215
3082 2213
3083 2217
3084 2211
3085 2217
3086 2215
3087 2217
3088 2219
3089 2217
3090 2221
3091 2223
3092 2217
3093 2225
3094 2225
3095 2223
3096 2227
3097 2223
3098 2233
3099 2221
3100 2231
3101 2229
3102 2235
3103 2237
3104 2233
3105 2237
3106 2237
3107 2237
3108 2239
3109 2241
3110 2242
3111 2243
3112 2241
3113 2245
3114 2249
3115 2251
3116 2251
3117 2251
3118 2257
3119 2253
3120 2257
3121 2257
3122 2259
3123 2259
3124 2261
3125 2265
3126 2265
3127 2261
3128 2267
3129 2269
3130 2271
3131 2267
3132 2273
3133 2271
3134 2273
3135 2271
3136 2277
3137 2279
3138 2281
3139 2281
3140 2281
3141 2281
3142 2285
3143 2287
3144 2285
3145 2291
3146 2291
3147 2291
3148 2293
3149 2295
3150 2297
3151 2295
3152 2296
3153 2299
3154 2299
3155 2301
3156 2301
3157 2305
3158 2303
3159 2305
3160 2305
3161 2307
3162 2307
3163 2311
3164 2309
3165 2313
3166 2311
3167 2313
3168 2315
3169 2315
3170 2315
3171 2319
3172 2319
3173 2321
3174 2317
3175 2319
3176 2321
3177 2325
3178 2321
3179 2325
3180 2325
3181 2329
3182 2325
3183 2327
3184 2329
3185 2329
3186 2329
3187 2333
3188 2331
3189 2335
3190 2331
3191 2335
3192 2333
3193 2335
3194 2337
3195 2337
3196 2337
3197 2341
3198 2341
3199 2341
3200 2341
3201 2341
3202 2341
3203 2343
3204 2343
3205 2343
3206 2345
3207 2345
3208 2347
3209 2347
3210 2345
3211 2347
3212 2349
3213 2349
3214 2347
3215 2351
3216 2351
3217 2351
3218 2351
3219 2355
3220 2351
3221 2353
3222 2353
3223 2357
3224 2355
3225 2355
3226 2355
3227 2357
3228 2357
3229 2359
3230 2357
3231 2359
3232 2359
3233 2359
3234 2359
3235 2361
3236 2361
3237 2361
3238 2363
3239 2365
3240 2363
3241 2365
3242 2363
3243 2365
3244 2363
3245 2363
3246 2363
3247 2365
3248 2367
3249 2363
3250 2365
3251 2375
3252 2365
3253 2367
3254 2367
3255 2369
3256 2369
3257 2367
3258 2369
3259 2371
3260 2369
3261 2371
3262 2371
3263 2373
3264 2373
3265 2371
3266 2371
3267 2375
3268 2373
3269 2375
3270 2375
3271 2375
3272 2373
3273 2375
3274 2371
3275 2377
3276 2375
3277 2373
3278 2373
3279 2377
3280 2375
3281 2375
3282 2377
3283 2379
3284 2375
3285 2379
3286 2377
3287 2377
3288 2375
3289 2379
3290 2379
3291 2381
3292 2375
3293 2381
3294 2379
3295 2379
3296 2377
3297 2381
3298 2383
3299 2380
3300 2379
3301 2381
3302 2381
3303 2385
3304 2381
3305 2383
3306 2381
3307 2383
3308 2381
3309 2383
3310 2381
3311 2381
3312 2381
3313 2385
3314 2383
3315 2383
3316 2383
3317 2385
3318 2385
3319 2383
3320 2383
3321 2387
3322 2385
3323 2385
3324 2385
3325 2387
3326 2387
3327 2387
3328 2387
3329 2387
3330 2385
3331 2389
3332 2387
3333 2387
3334 2387
3335 2389
3336 2387
3337 2389
3338 2389
3339 2391
3340 2389
3341 2391
3342 2391
3343 2391
3344 2389
3345 2391
3346 2387
3347 2391
3348 2391
3349 2391
3350 2389
3351 2389
3352 2389
3353 2393
3354 2389
3355 2392
3356 2391
3357 2393
3358 2389
3359 2393
3360 2393
3361 2393
3362 2391
3363 2393
3364 2391
3365 2395
3366 2393
3367 2393
3368 2393
3369 2397
3370 2395
3371 2395
3372 2395
3373 2393
3374 2391
3375 2395
3376 2391
3377 2393
3378 2393
3379 2395
3380 2395
3381 2395
3382 2395
3383 2395
3384 2395
3385 2395
3386 2393
3387 2398
3388 2397
3389 2395
3390 2395
3391 2397
3392 2395
3393 2395
3394 2395
3395 2397
3396 2397
3397 2397
3398 2399
3399 2399
3400 2397
3401 2399
3402 2397
3403 2399
3404 2399
3405 2399
3406 2397
3407 2399
3408 2397
3409 2397
3410 2399
3411 2399
3412 2399
3413 2399
3414 2399
3415 2399
3416 2399
3417 2399
3418 2399
3419 2401
3420 2397
3421 2399
3422 2399
3423 2403
3424 2399
3425 2400
3426 2399
3427 2403
3428 2401
3429 2403
3430 2399
3431 2403
3432 2399
3433 2402
3434 2399
3435 2401
3436 2399
3437 2403
3438 2401
3439 2403
3440 2401
3441 2403
3442 2401
3443 2403
3444 2401
3445 2403
3446 2403
3447 2403
3448 2401
3449 2403
3450 2403
3451 2405
3452 2403
3453 2403
3454 2403
3455 2405
3456 2401
3457 2405
3458 2403
3459 2405
3460 2401
3461 2403
3462 2403
3463 2405
3464 2403
3465 2405
3466 2403
3467 2405
3468 2403
3469 2405
3470 2405
3471 2407
3472 2403
3473 2407
3474 2405
3475 2407
3476 2405
3477 2405
3478 2405
3479 2405
3480 2403
3481 2407
3482 2405
3483 2403
3484 2403
3485 2407
3486 2405
3487 2405
3488 2405
3489 2407
3490 2407
3491 2407
3492 2405
3493 2407
3494 2407
3495 2407
3496 2405
3497 2407
3498 2407
3499 2405
3500 2405
3501 2407
3502 2407
3503 2409
3504 2407
3505 2407
3506 2409
3507 2407
3508 2405
3509 2407
3510 2407
3511 2405
3512 2405
3513 2409
3514 2407
3515 2407
3516 2407
3517 2409
3518 2407
3519 2407
3520 2407
3521 2409
3522 2407
3523 2409
3524 2409
3525 2409
3526 2409
3527 2407
3528 2409
3529 2411
3530 2409
3531 2411
3532 2409
3533 2409
3534 2409
3535 2409
3536 2407
3537 2411
3538 2409
3539 2409
3540 2409
3541 2411
3542 2407
3543 2411
3544 2409
3545 2411
3546 2409
3547 2407
3548 2411
3549 2411
3550 2409
3551 2411
3552 2411
3553 2411
3554 2409
3555 2411
3556 2409
3557 2413
3558 2409
3559 2413
3560 2411
3561 2411
3562 2409
3563 2413
3564 2411
3565 2415
3566 2411
3567 2415
3568 2411
3569 2413
3570 2413
3571 2415
3572 2411
3573 2413
3574 2409
3575 2413
3576 2413
3577 2411
3578 2411
3579 2415
3580 2411
3581 2413
3582 2413
3583 2413
3584 2413
3585 2415
3586 2413
3587 2413
3588 2411
3589 2411
3590 2411
3591 2413
3592 2411
3593 2413
3594 2411
3595 2415
3596 2413
3597 2411
3598 2413
3599 2413
3600 2413
3601 2413
3602 2413
3603 2415
3604 2415
3605 2415
3606 2413
3607 2415
3608 2411
3609 2415
3610 2413
3611 2415
3612 2413
3613 2415
3614 2415
3615 2415
3616 2415
3617 2415
3618 2415
3619 2415
3620 2411
3621 2415
3622 2415
3623 2417
3624 2411
3625 2415
3626 2415
3627 2417
3628 2413
3629 2417
3630 2415
3631 2415
3632 2413
3633 2417
3634 2415
3635 2417
3636 2415
3637 2417
3638 2415
3639 2417
3640 2415
3641 2417
3642 2415
3643 2417
3644 2415
3645 2419
3646 2416
3647 2415
3648 2416
3649 2417
3650 2415
3651 2415
3652 2415
3653 2419
3654 2417
3655 2415
3656 2417
3657 2417
3658 2415
3659 2415
3660 2419
3661 2421
3662 2417
3663 2411
3664 2415
3665 2419
3666 2417
3667 2417
3668 2417
3669 2419
3670 2417
3671 2417
3672 2416
3673 2419
3674 2415
3675 2417
3676 2415
3677 2417
3678 2417
3679 2417
3680 2417
3681 2419
3682 2417
3683 2417
3684 2417
3685 2419
3686 2417
3687 2419
3688 2417
3689 2419
3690 2417
3691 2419
3692 2419
3693 2419
3694 2417
