#Data from the TCD1304 linear CCD
#column 1 = pixelnumber , column 2 = pixelvalue
#Pixel 1-32 and 3679-3694 and are dummy pixels
#SH-period: 200    ICG-period: 100000    Integration time: 100.0 us
1 63879
2 61447
3 61451
4 61441
5 61441
6 61441
7 61441
8 61441
9 61441
10 61441
11 61441
12 61441
13 61441
14 61441
15 61441
16 61441
17 61441
18 61441
19 61441
20 61441
21 61441
22 61441
23 61441
24 61441
25 61441
26 61441
27 61441
28 61441
29 61441
30 61441
31 61441
32 63625
33 63861
34 63864
35 63873
36 63877
37 63883
38 63885
39 63887
40 63889
41 63891
42 63893
43 63893
44 63897
45 63897
46 63899
47 63899
48 63901
49 63901
50 63903
51 63903
52 63905
53 63903
54 63905
55 63906
56 63907
57 63905
58 63909
59 63910
60 63909
61 63908
62 63911
63 63911
64 63911
65 63912
66 63913
67 63911
68 63913
69 63913
70 63915
71 63913
72 63915
73 63915
74 63917
75 63915
76 63917
77 63915
78 63917
79 63917
80 63919
81 63917
82 63919
83 63917
84 63919
85 63917
86 63918
87 63919
88 63921
89 63919
90 63921
91 63920
92 63921
93 63919
94 63921
95 63921
96 63921
97 63919
98 63923
99 63921
100 63923
101 63921
102 63924
103 63923
104 63922
105 63919
106 63923
107 63922
108 63923
109 63923
110 63923
111 63921
112 63925
113 63921
114 63925
115 63922
116 63924
117 63923
118 63925
119 63923
120 63925
121 63923
122 63923
123 63923
124 63925
125 63923
126 63925
127 63923
128 63927
129 63923
130 63925
131 63923
132 63925
133 63921
134 63926
135 63924
136 63927
137 63923
138 63925
139 63925
140 63925
141 63923
142 63927
143 63925
144 63925
145 63924
146 63926
147 63925
148 63925
149 63925
150 63927
151 63923
152 63926
153 63925
154 63927
155 63925
156 63927
157 63925
158 63925
159 63925
160 63925
161 63923
162 63925
163 63925
164 63927
165 63925
166 63927
167 63925
168 63927
169 63925
170 63927
171 63926
172 63925
173 63925
174 63927
175 63923
176 63927
177 63921
178 63923
179 63925
180 63927
181 63925
182 63925
183 63925
184 63927
185 63924
186 63927
187 63925
188 63927
189 63923
190 63927
191 63927
192 63927
193 63925
194 63927
195 63925
196 63927
197 63925
198 63928
199 63925
200 63927
201 63925
202 63927
203 63925
204 63927
205 63927
206 63927
207 63919
208 63928
209 63926
210 63925
211 63925
212 63927
213 63925
214 63927
215 63923
216 63927
217 63925
218 63929
219 63927
220 63927
221 63925
222 63927
223 63923
224 63927
225 63925
226 63929
227 63927
228 63927
229 63926
230 63927
231 63927
232 63927
233 63922
234 63929
235 63925
236 63927
237 63924
238 63927
239 63927
240 63927
241 63927
242 63927
243 63925
244 63927
245 63925
246 63927
247 63925
248 63927
249 63925
250 63927
251 63925
252 63927
253 63927
254 63927
255 63927
256 63928
257 63927
258 63927
259 63927
260 63927
261 63925
262 63927
263 63927
264 63929
265 63927
266 63929
267 63927
268 63927
269 63927
270 63925
271 63926
272 63925
273 63925
274 63927
275 63925
276 63927
277 63927
278 63929
279 63925
280 63927
281 63927
282 63927
283 63927
284 63928
285 63925
286 63927
287 63927
288 63925
289 63925
290 63929
291 63927
292 63928
293 63926
294 63929
295 63927
296 63931
297 63927
298 63928
299 63926
300 63927
301 63927
302 63927
303 63925
304 63928
305 63927
306 63927
307 63926
308 63928
309 63927
310 63926
311 63927
312 63929
313 63927
314 63927
315 63927
316 63929
317 63925
318 63928
319 63927
320 63927
321 63927
322 63927
323 63927
324 63927
325 63927
326 63929
327 63925
328 63928
329 63927
330 63927
331 63927
332 63929
333 63926
334 63929
335 63926
336 63929
337 63927
338 63927
339 63927
340 63928
341 63925
342 63928
343 63921
344 63927
345 63927
346 63929
347 63927
348 63927
349 63927
350 63927
351 63925
352 63928
353 63927
354 63927
355 63927
356 63928
357 63927
358 63927
359 63928
360 63927
361 63925
362 63928
363 63928
364 63927
365 63925
366 63927
367 63929
368 63928
369 63927
370 63927
371 63927
372 63927
373 63927
374 63929
375 63928
376 63928
377 63927
378 63927
379 63925
380 63927
381 63927
382 63927
383 63926
384 63928
385 63927
386 63927
387 63927
388 63925
389 63927
390 63927
391 63927
392 63927
393 63925
394 63927
395 63927
396 63925
397 63926
398 63927
399 63927
400 63925
401 63927
402 63929
403 63925
404 63927
405 63929
406 63927
407 63927
408 63927
409 63929
410 63925
411 63927
412 63927
413 63927
414 63926
415 63927
416 63927
417 63925
418 63927
419 63927
420 63927
421 63927
422 63927
423 63928
424 63927
425 63927
426 63928
427 63927
428 63925
429 63927
430 63927
431 63925
432 63927
433 63927
434 63927
435 63923
436 63927
437 63928
438 63927
439 63927
440 63927
441 63927
442 63927
443 63927
444 63928
445 63927
446 63927
447 63927
448 63927
449 63925
450 63927
451 63927
452 63925
453 63927
454 63927
455 63928
456 63927
457 63927
458 63927
459 63927
460 63926
461 63929
462 63927
463 63927
464 63928
465 63928
466 63927
467 63927
468 63928
469 63927
470 63927
471 63929
472 63927
473 63927
474 63929
475 63928
476 63927
477 63929
478 63928
479 63929
480 63925
481 63927
482 63927
483 63927
484 63931
485 63927
486 63928
487 63927
488 63927
489 63928
490 63927
491 63927
492 63927
493 63927
494 63927
495 63927
496 63929
497 63927
498 63927
499 63927
500 63927
501 63927
502 63927
503 63927
504 63928
505 63927
506 63928
507 63927
508 63927
509 63928
510 63927
511 63927
512 63927
513 63931
514 63928
515 63927
516 63927
517 63928
518 63927
519 63927
520 63928
521 63929
522 63925
523 63929
524 63929
525 63928
526 63927
527 63929
528 63927
529 63927
530 63927
531 63927
532 63927
533 63927
534 63928
535 63927
536 63925
537 63929
538 63927
539 63927
540 63927
541 63929
542 63928
543 63927
544 63928
545 63929
546 63927
547 63927
548 63928
549 63929
550 63927
551 63929
552 63925
553 63929
554 63928
555 63928
556 63927
557 63927
558 63927
559 63929
560 63925
561 63929
562 63928
563 63927
564 63927
565 63928
566 63928
567 63927
568 63928
569 63929
570 63927
571 63927
572 63928
573 63927
574 63927
575 63927
576 63927
577 63927
578 63927
579 63928
580 63927
581 63927
582 63928
583 63928
584 63927
585 63927
586 63928
587 63929
588 63927
589 63928
590 63929
591 63926
592 63927
593 63929
594 63929
595 63929
596 63929
597 63928
598 63925
599 63927
600 63928
601 63927
602 63927
603 63929
604 63929
605 63927
606 63927
607 63929
608 63925
609 63929
610 63927
611 63928
612 63931
613 63927
614 63927
615 63927
616 63927
617 63929
618 63928
619 63927
620 63928
621 63928
622 63925
623 63927
624 63928
625 63928
626 63929
627 63927
628 63928
629 63927
630 63927
631 63927
632 63927
633 63927
634 63927
635 63929
636 63927
637 63929
638 63927
639 63927
640 63927
641 63927
642 63929
643 63927
644 63927
645 63928
646 63928
647 63927
648 63931
649 63928
650 63927
651 63927
652 63927
653 63927
654 63927
655 63928
656 63927
657 63927
658 63927
659 63929
660 63926
661 63929
662 63927
663 63927
664 63928
665 63929
666 63927
667 63927
668 63927
669 63928
670 63927
671 63927
672 63927
673 63927
674 63927
675 63927
676 63927
677 63927
678 63927
679 63927
680 63928
681 63927
682 63927
683 63929
684 63928
685 63927
686 63927
687 63925
688 63927
689 63927
690 63927
691 63929
692 63928
693 63929
694 63927
695 63925
696 63929
697 63927
698 63927
699 63929
700 63927
701 63927
702 63926
703 63927
704 63927
705 63928
706 63929
707 63929
708 63929
709 63927
710 63927
711 63928
712 63927
713 63927
714 63927
715 63929
716 63928
717 63928
718 63927
719 63927
720 63927
721 63927
722 63927
723 63927
724 63927
725 63927
726 63925
727 63928
728 63927
729 63929
730 63927
731 63929
732 63927
733 63929
734 63927
735 63928
736 63927
737 63927
738 63927
739 63927
740 63927
741 63927
742 63927
743 63928
744 63925
745 63928
746 63927
747 63925
748 63927
749 63928
750 63927
751 63926
752 63927
753 63927
754 63927
755 63929
756 63927
757 63928
758 63927
759 63929
760 63927
761 63928
762 63925
763 63927
764 63927
765 63927
766 63927
767 63929
768 63927
769 63927
770 63927
771 63928
772 63925
773 63927
774 63927
775 63929
776 63927
777 63929
778 63927
779 63927
780 63927
781 63927
782 63927
783 63927
784 63927
785 63928
786 63925
787 63928
788 63927
789 63927
790 63927
791 63929
792 63927
793 63928
794 63925
795 63927
796 63925
797 63928
798 63927
799 63927
800 63927
801 63929
802 63925
803 63929
804 63927
805 63929
806 63927
807 63927
808 63925
809 63929
810 63923
811 63929
812 63925
813 63927
814 63925
815 63928
816 63925
817 63926
818 63927
819 63927
820 63925
821 63927
822 63925
823 63927
824 63925
825 63929
826 63926
827 63927
828 63926
829 63927
830 63927
831 63927
832 63925
833 63927
834 63925
835 63926
836 63927
837 63927
838 63925
839 63927
840 63927
841 63927
842 63926
843 63929
844 63925
845 63928
846 63927
847 63927
848 63927
849 63929
850 63927
851 63929
852 63926
853 63929
854 63925
855 63929
856 63927
857 63929
858 63925
859 63928
860 63926
861 63927
862 63927
863 63928
864 63927
865 63927
866 63925
867 63929
868 63925
869 63927
870 63927
871 63929
872 63924
873 63928
874 63927
875 63927
876 63926
877 63928
878 63927
879 63927
880 63925
881 63929
882 63927
883 63927
884 63927
885 63927
886 63925
887 63927
888 63927
889 63927
890 63930
891 63928
892 63927
893 63927
894 63925
895 63929
896 63925
897 63928
898 63927
899 63929
900 63927
901 63927
902 63926
903 63927
904 63924
905 63928
906 63926
907 63927
908 63925
909 63929
910 63925
911 63925
912 63925
913 63929
914 63925
915 63927
916 63925
917 63928
918 63927
919 63927
920 63926
921 63929
922 63923
923 63928
924 63925
925 63927
926 63925
927 63928
928 63925
929 63927
930 63925
931 63927
932 63927
933 63925
934 63927
935 63927
936 63926
937 63927
938 63927
939 63929
940 63925
941 63929
942 63925
943 63927
944 63926
945 63927
946 63927
947 63927
948 63926
949 63929
950 63925
951 63927
952 63925
953 63929
954 63925
955 63927
956 63927
957 63927
958 63927
959 63929
960 63925
961 63927
962 63927
963 63929
964 63925
965 63928
966 63927
967 63929
968 63925
969 63927
970 63926
971 63927
972 63925
973 63928
974 63927
975 63927
976 63927
977 63927
978 63925
979 63927
980 63921
981 63909
982 63827
983 63485
984 62921
985 62907
986 62899
987 62909
988 62901
989 62895
990 62903
991 62895
992 62895
993 62892
994 62897
995 62893
996 62895
997 62895
998 62885
999 62889
1000 62881
1001 62891
1002 62899
1003 62897
1004 62877
1005 62885
1006 62881
1007 62887
1008 62901
1009 62893
1010 62893
1011 62887
1012 62893
1013 62895
1014 62891
1015 62897
1016 62899
1017 62885
1018 62897
1019 62887
1020 62905
1021 62881
1022 62889
1023 62889
1024 62877
1025 62887
1026 62875
1027 62877
1028 62879
1029 62871
1030 62863
1031 62871
1032 62871
1033 62879
1034 62871
1035 62867
1036 62873
1037 62885
1038 62877
1039 62887
1040 62889
1041 62877
1042 62885
1043 62879
1044 62881
1045 62873
1046 62873
1047 62865
1048 62863
1049 62881
1050 62869
1051 62869
1052 62869
1053 62855
1054 62861
1055 62873
1056 62861
1057 62875
1058 62851
1059 62865
1060 62867
1061 62865
1062 62863
1063 62855
1064 62871
1065 62865
1066 62879
1067 62869
1068 62869
1069 62851
1070 62873
1071 62859
1072 62857
1073 62865
1074 62859
1075 62873
1076 62873
1077 62865
1078 62859
1079 62869
1080 62857
1081 62855
1082 62865
1083 62861
1084 62867
1085 62851
1086 62851
1087 62851
1088 62851
1089 62867
1090 62859
1091 62865
1092 62853
1093 62849
1094 62859
1095 62847
1096 62861
1097 62847
1098 62851
1099 62853
1100 62861
1101 62849
1102 62865
1103 62849
1104 62857
1105 62863
1106 62845
1107 62863
1108 62855
1109 62859
1110 62853
1111 62857
1112 62857
1113 62857
1114 62847
1115 62851
1116 62835
1117 62847
1118 62837
1119 62837
1120 62841
1121 62843
1122 62835
1123 62847
1124 62843
1125 62843
1126 62853
1127 62835
1128 62847
1129 62827
1130 62853
1131 62845
1132 62847
1133 62845
1134 62839
1135 62831
1136 62859
1137 62847
1138 62841
1139 62849
1140 62839
1141 62839
1142 62837
1143 62837
1144 62847
1145 62835
1146 62827
1147 62831
1148 62825
1149 62829
1150 62813
1151 62835
1152 62839
1153 62813
1154 62825
1155 62835
1156 62829
1157 62823
1158 62835
1159 62843
1160 62839
1161 62819
1162 62839
1163 62831
1164 62829
1165 62835
1166 62843
1167 62853
1168 62837
1169 62845
1170 62839
1171 62843
1172 62837
1173 62829
1174 62833
1175 62841
1176 62831
1177 62829
1178 62827
1179 62823
1180 62837
1181 62835
1182 62813
1183 62825
1184 62827
1185 62827
1186 62819
1187 62809
1188 62827
1189 62819
1190 62813
1191 62813
1192 62823
1193 62823
1194 62813
1195 62819
1196 62837
1197 62831
1198 62829
1199 62827
1200 62837
1201 62827
1202 62837
1203 62847
1204 62843
1205 62843
1206 62833
1207 62839
1208 62855
1209 62835
1210 62835
1211 62825
1212 62829
1213 62833
1214 62825
1215 62837
1216 62835
1217 62835
1218 62837
1219 62831
1220 62827
1221 62839
1222 62823
1223 62835
1224 62831
1225 62827
1226 62845
1227 62845
1228 62823
1229 62817
1230 62831
1231 62829
1232 62845
1233 62829
1234 62835
1235 62829
1236 62837
1237 62821
1238 62829
1239 62817
1240 62825
1241 62821
1242 62831
1243 62827
1244 62837
1245 62829
1246 62821
1247 62813
1248 62833
1249 62817
1250 62827
1251 62823
1252 62831
1253 62819
1254 62825
1255 62825
1256 62827
1257 62835
1258 62825
1259 62819
1260 62813
1261 62823
1262 62813
1263 62805
1264 62819
1265 62815
1266 62803
1267 62821
1268 62813
1269 62809
1270 62807
1271 62797
1272 62797
1273 62815
1274 62805
1275 62809
1276 62805
1277 62803
1278 62793
1279 62807
1280 62799
1281 62811
1282 62811
1283 62809
1284 62807
1285 62807
1286 62805
1287 62811
1288 62811
1289 62805
1290 62819
1291 62809
1292 62817
1293 62809
1294 62817
1295 62803
1296 62807
1297 62817
1298 62811
1299 62815
1300 62815
1301 62811
1302 62801
1303 62795
1304 62805
1305 62797
1306 62813
1307 62809
1308 62809
1309 62805
1310 62809
1311 62801
1312 62791
1313 62799
1314 62795
1315 62803
1316 62797
1317 62793
1318 62801
1319 62795
1320 62795
1321 62799
1322 62789
1323 62789
1324 62783
1325 62805
1326 62795
1327 62799
1328 62781
1329 62789
1330 62797
1331 62787
1332 62795
1333 62795
1334 62791
1335 62787
1336 62795
1337 62803
1338 62801
1339 62803
1340 62791
1341 62793
1342 62801
1343 62787
1344 62789
1345 62799
1346 62809
1347 62801
1348 62793
1349 62791
1350 62811
1351 62795
1352 62807
1353 62803
1354 62803
1355 62793
1356 62787
1357 62785
1358 62799
1359 62787
1360 62787
1361 62799
1362 62791
1363 62795
1364 62791
1365 62779
1366 62795
1367 62783
1368 62777
1369 62783
1370 62777
1371 62791
1372 62793
1373 62779
1374 62791
1375 62793
1376 62793
1377 62797
1378 62779
1379 62787
1380 62781
1381 62779
1382 62769
1383 62781
1384 62783
1385 62785
1386 62791
1387 62781
1388 62799
1389 62789
1390 62787
1391 62793
1392 62789
1393 62791
1394 62795
1395 62795
1396 62773
1397 62789
1398 62787
1399 62789
1400 62783
1401 62781
1402 62791
1403 62777
1404 62779
1405 62777
1406 62791
1407 62789
1408 62785
1409 62775
1410 62785
1411 62783
1412 62795
1413 62787
1414 62791
1415 62791
1416 62795
1417 62775
1418 62773
1419 62759
1420 62775
1421 62765
1422 62751
1423 62765
1424 62761
1425 62757
1426 62775
1427 62765
1428 62759
1429 62761
1430 62771
1431 62763
1432 62755
1433 62763
1434 62765
1435 62769
1436 62759
1437 62767
1438 62769
1439 62777
1440 62789
1441 62775
1442 62775
1443 62773
1444 62777
1445 62773
1446 62765
1447 62773
1448 62773
1449 62777
1450 62771
1451 62773
1452 62775
1453 62767
1454 62783
1455 62777
1456 62777
1457 62783
1458 62779
1459 62771
1460 62771
1461 62771
1462 62777
1463 62781
1464 62775
1465 62767
1466 62781
1467 62767
1468 62775
1469 62763
1470 62757
1471 62771
1472 62763
1473 62761
1474 62761
1475 62763
1476 62773
1477 62765
1478 62757
1479 62763
1480 62771
1481 62773
1482 62773
1483 62761
1484 62761
1485 62763
1486 62769
1487 62767
1488 62769
1489 62767
1490 62761
1491 62765
1492 62761
1493 62763
1494 62765
1495 62765
1496 62763
1497 62763
1498 62755
1499 62761
1500 62769
1501 62755
1502 62747
1503 62759
1504 62771
1505 62755
1506 62751
1507 62755
1508 62759
1509 62755
1510 62759
1511 62763
1512 62763
1513 62763
1514 62763
1515 62751
1516 62761
1517 62759
1518 62749
1519 62749
1520 62767
1521 62769
1522 62755
1523 62769
1524 62747
1525 62761
1526 62759
1527 62755
1528 62767
1529 62743
1530 62755
1531 62759
1532 62747
1533 62753
1534 62759
1535 62751
1536 62759
1537 62755
1538 62757
1539 62755
1540 62747
1541 62759
1542 62743
1543 62751
1544 62755
1545 62751
1546 62749
1547 62741
1548 62745
1549 62749
1550 62739
1551 62743
1552 62747
1553 62739
1554 62739
1555 62743
1556 62743
1557 62759
1558 62743
1559 62739
1560 62757
1561 62743
1562 62741
1563 62735
1564 62749
1565 62741
1566 62739
1567 62749
1568 62739
1569 62721
1570 62723
1571 62723
1572 62727
1573 62735
1574 62719
1575 62715
1576 62719
1577 62717
1578 62721
1579 62727
1580 62733
1581 62717
1582 62719
1583 62721
1584 62725
1585 62717
1586 62715
1587 62713
1588 62715
1589 62717
1590 62707
1591 62719
1592 62727
1593 62707
1594 62705
1595 62703
1596 62715
1597 62709
1598 62703
1599 62711
1600 62703
1601 62711
1602 62703
1603 62701
1604 62691
1605 62695
1606 62695
1607 62693
1608 62711
1609 62707
1610 62709
1611 62699
1612 62701
1613 62697
1614 62703
1615 62693
1616 62701
1617 62697
1618 62681
1619 62691
1620 62697
1621 62683
1622 62691
1623 62685
1624 62683
1625 62693
1626 62677
1627 62679
1628 62689
1629 62675
1630 62687
1631 62679
1632 62683
1633 62677
1634 62677
1635 62677
1636 62671
1637 62671
1638 62665
1639 62677
1640 62665
1641 62667
1642 62671
1643 62669
1644 62673
1645 62663
1646 62667
1647 62665
1648 62659
1649 62655
1650 62665
1651 62661
1652 62649
1653 62649
1654 62661
1655 62647
1656 62647
1657 62643
1658 62653
1659 62633
1660 62647
1661 62647
1662 62641
1663 62645
1664 62633
1665 62635
1666 62635
1667 62643
1668 62631
1669 62623
1670 62629
1671 62625
1672 62637
1673 62633
1674 62625
1675 62629
1676 62621
1677 62627
1678 62623
1679 62627
1680 62617
1681 62625
1682 62621
1683 62623
1684 62631
1685 62621
1686 62613
1687 62621
1688 62609
1689 62613
1690 62613
1691 62613
1692 62609
1693 62609
1694 62605
1695 62613
1696 62609
1697 62603
1698 62603
1699 62599
1700 62613
1701 62611
1702 62601
1703 62601
1704 62597
1705 62597
1706 62593
1707 62601
1708 62589
1709 62591
1710 62603
1711 62591
1712 62593
1713 62581
1714 62577
1715 62577
1716 62595
1717 62587
1718 62583
1719 62581
1720 62587
1721 62589
1722 62579
1723 62575
1724 62577
1725 62579
1726 62581
1727 62575
1728 62581
1729 62575
1730 62581
1731 62581
1732 62581
1733 62585
1734 62585
1735 62573
1736 62573
1737 62565
1738 62571
1739 62575
1740 62565
1741 62567
1742 62563
1743 62567
1744 62571
1745 62575
1746 62563
1747 62575
1748 62567
1749 62561
1750 62569
1751 62567
1752 62569
1753 62567
1754 62555
1755 62563
1756 62567
1757 62555
1758 62565
1759 62561
1760 62563
1761 62573
1762 62557
1763 62569
1764 62559
1765 62563
1766 62563
1767 62553
1768 62553
1769 62559
1770 62555
1771 62561
1772 62557
1773 62551
1774 62559
1775 62551
1776 62539
1777 62547
1778 62547
1779 62551
1780 62545
1781 62541
1782 62543
1783 62547
1784 62541
1785 62543
1786 62529
1787 62549
1788 62551
1789 62545
1790 62547
1791 62555
1792 62549
1793 62559
1794 62559
1795 62545
1796 62541
1797 62551
1798 62549
1799 62543
1800 62545
1801 62535
1802 62551
1803 62539
1804 62531
1805 62543
1806 62539
1807 62549
1808 62545
1809 62533
1810 62539
1811 62545
1812 62547
1813 62545
1814 62551
1815 62543
1816 62549
1817 62541
1818 62553
1819 62553
1820 62557
1821 62553
1822 62541
1823 62557
1824 62551
1825 62553
1826 62547
1827 62555
1828 62555
1829 62545
1830 62547
1831 62567
1832 62561
1833 62551
1834 62559
1835 62551
1836 62561
1837 62553
1838 62563
1839 62557
1840 62549
1841 62551
1842 62555
1843 62553
1844 62561
1845 62561
1846 62557
1847 62551
1848 62565
1849 62555
1850 62559
1851 62557
1852 62559
1853 62559
1854 62557
1855 62559
1856 62563
1857 62569
1858 62581
1859 62573
1860 62569
1861 62577
1862 62571
1863 62571
1864 62577
1865 62569
1866 62583
1867 62583
1868 62573
1869 62587
1870 62573
1871 62591
1872 62587
1873 62581
1874 62587
1875 62591
1876 62599
1877 62605
1878 62601
1879 62589
1880 62597
1881 62603
1882 62601
1883 62591
1884 62613
1885 62597
1886 62609
1887 62611
1888 62605
1889 62611
1890 62617
1891 62605
1892 62615
1893 62625
1894 62621
1895 62617
1896 62631
1897 62625
1898 62623
1899 62639
1900 62631
1901 62639
1902 62649
1903 62639
1904 62647
1905 62637
1906 62649
1907 62653
1908 62635
1909 62643
1910 62665
1911 62651
1912 62649
1913 62653
1914 62651
1915 62655
1916 62659
1917 62667
1918 62667
1919 62669
1920 62681
1921 62689
1922 62681
1923 62687
1924 62679
1925 62675
1926 62691
1927 62693
1928 62705
1929 62689
1930 62695
1931 62697
1932 62719
1933 62697
1934 62711
1935 62697
1936 62703
1937 62707
1938 62695
1939 62709
1940 62707
1941 62695
1942 62723
1943 62707
1944 62703
1945 62709
1946 62715
1947 62707
1948 62715
1949 62715
1950 62709
1951 62707
1952 62713
1953 62705
1954 62713
1955 62707
1956 62709
1957 62709
1958 62713
1959 62713
1960 62703
1961 62701
1962 62709
1963 62703
1964 62711
1965 62699
1966 62709
1967 62709
1968 62709
1969 62699
1970 62697
1971 62703
1972 62717
1973 62701
1974 62695
1975 62711
1976 62713
1977 62703
1978 62701
1979 62695
1980 62701
1981 62719
1982 62707
1983 62705
1984 62697
1985 62693
1986 62699
1987 62703
1988 62707
1989 62703
1990 62697
1991 62701
1992 62711
1993 62707
1994 62713
1995 62719
1996 62707
1997 62717
1998 62721
1999 62713
2000 62695
2001 62707
2002 62711
2003 62697
2004 62703
2005 62683
2006 62701
2007 62699
2008 62709
2009 62703
2010 62703
2011 62699
2012 62701
2013 62699
2014 62695
2015 62701
2016 62699
2017 62687
2018 62707
2019 62699
2020 62695
2021 62695
2022 62699
2023 62691
2024 62695
2025 62693
2026 62687
2027 62681
2028 62697
2029 62699
2030 62697
2031 62703
2032 62699
2033 62703
2034 62703
2035 62699
2036 62709
2037 62703
2038 62693
2039 62709
2040 62699
2041 62695
2042 62695
2043 62695
2044 62705
2045 62705
2046 62703
2047 62701
2048 62701
2049 62707
2050 62697
2051 62697
2052 62711
2053 62699
2054 62715
2055 62701
2056 62689
2057 62691
2058 62697
2059 62693
2060 62711
2061 62701
2062 62707
2063 62713
2064 62695
2065 62709
2066 62705
2067 62705
2068 62705
2069 62697
2070 62697
2071 62705
2072 62711
2073 62703
2074 62693
2075 62713
2076 62695
2077 62707
2078 62701
2079 62703
2080 62699
2081 62697
2082 62697
2083 62713
2084 62709
2085 62701
2086 62705
2087 62699
2088 62699
2089 62688
2090 62697
2091 62695
2092 62689
2093 62707
2094 62703
2095 62699
2096 62693
2097 62697
2098 62699
2099 62695
2100 62693
2101 62693
2102 62701
2103 62703
2104 62705
2105 62705
2106 62697
2107 62703
2108 62695
2109 62699
2110 62715
2111 62699
2112 62699
2113 62699
2114 62699
2115 62693
2116 62693
2117 62699
2118 62687
2119 62695
2120 62697
2121 62691
2122 62691
2123 62702
2124 62701
2125 62691
2126 62685
2127 62691
2128 62689
2129 62697
2130 62695
2131 62695
2132 62697
2133 62695
2134 62687
2135 62685
2136 62691
2137 62691
2138 62691
2139 62693
2140 62699
2141 62701
2142 62699
2143 62677
2144 62697
2145 62699
2146 62695
2147 62697
2148 62693
2149 62699
2150 62691
2151 62691
2152 62705
2153 62683
2154 62691
2155 62703
2156 62703
2157 62703
2158 62691
2159 62699
2160 62693
2161 62691
2162 62699
2163 62685
2164 62707
2165 62703
2166 62685
2167 62693
2168 62693
2169 62703
2170 62697
2171 62691
2172 62695
2173 62687
2174 62689
2175 62695
2176 62681
2177 62693
2178 62703
2179 62683
2180 62689
2181 62679
2182 62689
2183 62683
2184 62695
2185 62697
2186 62681
2187 62683
2188 62685
2189 62689
2190 62697
2191 62685
2192 62687
2193 62691
2194 62697
2195 62683
2196 62683
2197 62681
2198 62693
2199 62683
2200 62689
2201 62687
2202 62695
2203 62693
2204 62689
2205 62685
2206 62697
2207 62681
2208 62687
2209 62679
2210 62685
2211 62683
2212 62689
2213 62677
2214 62689
2215 62693
2216 62679
2217 62689
2218 62693
2219 62677
2220 62691
2221 62685
2222 62685
2223 62681
2224 62687
2225 62677
2226 62673
2227 62677
2228 62685
2229 62673
2230 62683
2231 62683
2232 62681
2233 62679
2234 62687
2235 62681
2236 62693
2237 62685
2238 62691
2239 62685
2240 62689
2241 62681
2242 62697
2243 62683
2244 62681
2245 62693
2246 62687
2247 62695
2248 62691
2249 62680
2250 62689
2251 62679
2252 62679
2253 62687
2254 62689
2255 62687
2256 62691
2257 62697
2258 62683
2259 62689
2260 62685
2261 62683
2262 62683
2263 62693
2264 62693
2265 62683
2266 62693
2267 62685
2268 62693
2269 62679
2270 62695
2271 62683
2272 62685
2273 62685
2274 62687
2275 62679
2276 62687
2277 62687
2278 62691
2279 62681
2280 62685
2281 62689
2282 62689
2283 62691
2284 62697
2285 62683
2286 62689
2287 62677
2288 62699
2289 62687
2290 62701
2291 62685
2292 62697
2293 62697
2294 62695
2295 62693
2296 62691
2297 62697
2298 62705
2299 62695
2300 62685
2301 62683
2302 62691
2303 62695
2304 62697
2305 62691
2306 62695
2307 62699
2308 62699
2309 62693
2310 62693
2311 62701
2312 62695
2313 62697
2314 62701
2315 62699
2316 62699
2317 62691
2318 62697
2319 62697
2320 62691
2321 62703
2322 62693
2323 62695
2324 62703
2325 62693
2326 62699
2327 62683
2328 62701
2329 62681
2330 62693
2331 62697
2332 62701
2333 62695
2334 62707
2335 62695
2336 62697
2337 62699
2338 62693
2339 62703
2340 62703
2341 62707
2342 62699
2343 62699
2344 62703
2345 62687
2346 62695
2347 62693
2348 62695
2349 62713
2350 62705
2351 62695
2352 62711
2353 62697
2354 62699
2355 62695
2356 62695
2357 62691
2358 62697
2359 62711
2360 62703
2361 62709
2362 62705
2363 62705
2364 62701
2365 62699
2366 62715
2367 62699
2368 62703
2369 62703
2370 62695
2371 62697
2372 62703
2373 62701
2374 62711
2375 62709
2376 62717
2377 62689
2378 62709
2379 62715
2380 62707
2381 62709
2382 62697
2383 62707
2384 62705
2385 62707
2386 62707
2387 62709
2388 62705
2389 62695
2390 62709
2391 62709
2392 62697
2393 62697
2394 62705
2395 62715
2396 62721
2397 62709
2398 62717
2399 62723
2400 62715
2401 62705
2402 62713
2403 62715
2404 62715
2405 62715
2406 62705
2407 62709
2408 62717
2409 62715
2410 62709
2411 62711
2412 62709
2413 62707
2414 62713
2415 62717
2416 62723
2417 62703
2418 62721
2419 62711
2420 62717
2421 62713
2422 62715
2423 62705
2424 62717
2425 62709
2426 62707
2427 62709
2428 62711
2429 62717
2430 62713
2431 62719
2432 62723
2433 62715
2434 62727
2435 62727
2436 62711
2437 62725
2438 62723
2439 62719
2440 62725
2441 62703
2442 62723
2443 62723
2444 62717
2445 62725
2446 62725
2447 62727
2448 62713
2449 62713
2450 62729
2451 62715
2452 62737
2453 62709
2454 62725
2455 62729
2456 62723
2457 62725
2458 62713
2459 62735
2460 62733
2461 62727
2462 62727
2463 62715
2464 62717
2465 62727
2466 62733
2467 62733
2468 62731
2469 62729
2470 62739
2471 62741
2472 62729
2473 62731
2474 62735
2475 62729
2476 62737
2477 62737
2478 62727
2479 62731
2480 62731
2481 62733
2482 62747
2483 62737
2484 62749
2485 62725
2486 62739
2487 62727
2488 62743
2489 62743
2490 62737
2491 62753
2492 62729
2493 62739
2494 62741
2495 62739
2496 62743
2497 62735
2498 62753
2499 62731
2500 62751
2501 62737
2502 62733
2503 62745
2504 62751
2505 62749
2506 62733
2507 62739
2508 62749
2509 62737
2510 62749
2511 62755
2512 62761
2513 62753
2514 62743
2515 62753
2516 62771
2517 62755
2518 62763
2519 62767
2520 62765
2521 62769
2522 62779
2523 62773
2524 62779
2525 62771
2526 62767
2527 62795
2528 62793
2529 62797
2530 62789
2531 62807
2532 62805
2533 62809
2534 62807
2535 62805
2536 62815
2537 62815
2538 62821
2539 62827
2540 62831
2541 62835
2542 62839
2543 62839
2544 62849
2545 62863
2546 62857
2547 62859
2548 62873
2549 62871
2550 62883
2551 62877
2552 62889
2553 62889
2554 62899
2555 62901
2556 62927
2557 62916
2558 62915
2559 62929
2560 62941
2561 62943
2562 62949
2563 62951
2564 62959
2565 62963
2566 62973
2567 62975
2568 62985
2569 62987
2570 63001
2571 63005
2572 63013
2573 62999
2574 63033
2575 63027
2576 63035
2577 63035
2578 63045
2579 63049
2580 63069
2581 63065
2582 63057
2583 63073
2584 63097
2585 63099
2586 63097
2587 63127
2588 63109
2589 63125
2590 63127
2591 63135
2592 63123
2593 63149
2594 63147
2595 63155
2596 63173
2597 63161
2598 63179
2599 63175
2600 63197
2601 63203
2602 63207
2603 63222
2604 63225
2605 63245
2606 63243
2607 63253
2608 63267
2609 63271
2610 63277
2611 63295
2612 63305
2613 63317
2614 63317
2615 63339
2616 63363
2617 63355
2618 63379
2619 63385
2620 63395
2621 63403
2622 63431
2623 63435
2624 63433
2625 63441
2626 63461
2627 63469
2628 63479
2629 63503
2630 63507
2631 63515
2632 63527
2633 63545
2634 63557
2635 63563
2636 63567
2637 63585
2638 63589
2639 63593
2640 63609
2641 63619
2642 63627
2643 63637
2644 63643
2645 63649
2646 63659
2647 63663
2648 63671
2649 63675
2650 63683
2651 63689
2652 63695
2653 63697
2654 63704
2655 63710
2656 63711
2657 63717
2658 63719
2659 63727
2660 63727
2661 63737
2662 63733
2663 63739
2664 63739
2665 63745
2666 63745
2667 63751
2668 63751
2669 63755
2670 63757
2671 63761
2672 63759
2673 63765
2674 63765
2675 63769
2676 63765
2677 63771
2678 63769
2679 63773
2680 63772
2681 63775
2682 63777
2683 63779
2684 63779
2685 63781
2686 63779
2687 63783
2688 63783
2689 63785
2690 63787
2691 63789
2692 63787
2693 63789
2694 63788
2695 63793
2696 63791
2697 63791
2698 63791
2699 63793
2700 63793
2701 63795
2702 63797
2703 63799
2704 63797
2705 63801
2706 63797
2707 63795
2708 63799
2709 63805
2710 63801
2711 63804
2712 63803
2713 63803
2714 63803
2715 63805
2716 63803
2717 63807
2718 63806
2719 63807
2720 63807
2721 63811
2722 63806
2723 63809
2724 63808
2725 63811
2726 63809
2727 63811
2728 63809
2729 63811
2730 63809
2731 63813
2732 63812
2733 63813
2734 63813
2735 63815
2736 63811
2737 63815
2738 63813
2739 63816
2740 63815
2741 63817
2742 63815
2743 63815
2744 63817
2745 63817
2746 63817
2747 63819
2748 63819
2749 63820
2750 63817
2751 63821
2752 63819
2753 63821
2754 63819
2755 63821
2756 63819
2757 63821
2758 63821
2759 63823
2760 63819
2761 63824
2762 63821
2763 63825
2764 63824
2765 63825
2766 63825
2767 63825
2768 63823
2769 63825
2770 63822
2771 63825
2772 63823
2773 63827
2774 63823
2775 63827
2776 63825
2777 63827
2778 63825
2779 63829
2780 63827
2781 63829
2782 63827
2783 63829
2784 63828
2785 63828
2786 63828
2787 63829
2788 63829
2789 63831
2790 63829
2791 63831
2792 63827
2793 63832
2794 63829
2795 63832
2796 63829
2797 63831
2798 63831
2799 63831
2800 63831
2801 63833
2802 63831
2803 63833
2804 63831
2805 63831
2806 63831
2807 63835
2808 63833
2809 63835
2810 63833
2811 63835
2812 63831
2813 63835
2814 63833
2815 63835
2816 63831
2817 63837
2818 63833
2819 63835
2820 63835
2821 63837
2822 63835
2823 63837
2824 63835
2825 63833
2826 63835
2827 63835
2828 63835
2829 63837
2830 63835
2831 63839
2832 63839
2833 63839
2834 63835
2835 63839
2836 63837
2837 63839
2838 63837
2839 63839
2840 63837
2841 63839
2842 63837
2843 63840
2844 63839
2845 63841
2846 63839
2847 63839
2848 63840
2849 63839
2850 63839
2851 63839
2852 63839
2853 63839
2854 63839
2855 63841
2856 63837
2857 63841
2858 63840
2859 63843
2860 63837
2861 63841
2862 63839
2863 63841
2864 63840
2865 63843
2866 63843
2867 63841
2868 63841
2869 63843
2870 63840
2871 63843
2872 63840
2873 63843
2874 63843
2875 63840
2876 63842
2877 63843
2878 63840
2879 63843
2880 63843
2881 63845
2882 63840
2883 63845
2884 63843
2885 63844
2886 63843
2887 63846
2888 63843
2889 63845
2890 63843
2891 63845
2892 63843
2893 63845
2894 63844
2895 63847
2896 63845
2897 63845
2898 63845
2899 63845
2900 63844
2901 63845
2902 63845
2903 63847
2904 63843
2905 63847
2906 63845
2907 63847
2908 63845
2909 63847
2910 63845
2911 63847
2912 63845
2913 63849
2914 63847
2915 63847
2916 63845
2917 63847
2918 63847
2919 63847
2920 63847
2921 63849
2922 63847
2923 63848
2924 63845
2925 63849
2926 63846
2927 63847
2928 63847
2929 63849
2930 63847
2931 63849
2932 63847
2933 63849
2934 63849
2935 63849
2936 63849
2937 63849
2938 63847
2939 63849
2940 63847
2941 63849
2942 63849
2943 63851
2944 63850
2945 63849
2946 63849
2947 63849
2948 63849
2949 63849
2950 63849
2951 63851
2952 63849
2953 63851
2954 63849
2955 63853
2956 63850
2957 63851
2958 63849
2959 63853
2960 63847
2961 63851
2962 63851
2963 63853
2964 63849
2965 63853
2966 63851
2967 63853
2968 63851
2969 63853
2970 63852
2971 63851
2972 63851
2973 63853
2974 63852
2975 63851
2976 63851
2977 63853
2978 63851
2979 63852
2980 63851
2981 63853
2982 63853
2983 63853
2984 63853
2985 63853
2986 63851
2987 63853
2988 63853
2989 63855
2990 63849
2991 63854
2992 63853
2993 63855
2994 63851
2995 63855
2996 63855
2997 63853
2998 63851
2999 63855
3000 63853
3001 63851
3002 63853
3003 63855
3004 63855
3005 63853
3006 63854
3007 63855
3008 63855
3009 63855
3010 63853
3011 63857
3012 63853
3013 63855
3014 63855
3015 63855
3016 63853
3017 63855
3018 63855
3019 63855
3020 63853
3021 63855
3022 63853
3023 63857
3024 63853
3025 63857
3026 63856
3027 63857
3028 63853
3029 63856
3030 63856
3031 63855
3032 63855
3033 63857
3034 63855
3035 63854
3036 63855
3037 63857
3038 63857
3039 63857
3040 63857
3041 63857
3042 63855
3043 63859
3044 63857
3045 63857
3046 63855
3047 63859
3048 63856
3049 63856
3050 63855
3051 63857
3052 63856
3053 63857
3054 63857
3055 63858
3056 63857
3057 63855
3058 63855
3059 63859
3060 63856
3061 63857
3062 63857
3063 63859
3064 63857
3065 63859
3066 63859
3067 63859
3068 63857
3069 63859
3070 63857
3071 63859
3072 63855
3073 63859
3074 63857
3075 63859
3076 63857
3077 63859
3078 63857
3079 63859
3080 63859
3081 63861
3082 63858
3083 63860
3084 63859
3085 63859
3086 63857
3087 63861
3088 63859
3089 63861
3090 63858
3091 63859
3092 63859
3093 63861
3094 63857
3095 63861
3096 63859
3097 63859
3098 63859
3099 63860
3100 63859
3101 63859
3102 63857
3103 63861
3104 63860
3105 63861
3106 63859
3107 63861
3108 63859
3109 63863
3110 63860
3111 63863
3112 63857
3113 63861
3114 63861
3115 63861
3116 63859
3117 63862
3118 63861
3119 63861
3120 63861
3121 63863
3122 63859
3123 63861
3124 63861
3125 63863
3126 63861
3127 63861
3128 63861
3129 63861
3130 63861
3131 63863
3132 63861
3133 63863
3134 63861
3135 63863
3136 63862
3137 63863
3138 63859
3139 63863
3140 63863
3141 63863
3142 63860
3143 63863
3144 63862
3145 63863
3146 63861
3147 63861
3148 63861
3149 63863
3150 63863
3151 63863
3152 63863
3153 63863
3154 63863
3155 63863
3156 63861
3157 63863
3158 63863
3159 63865
3160 63862
3161 63863
3162 63863
3163 63865
3164 63861
3165 63863
3166 63863
3167 63865
3168 63861
3169 63864
3170 63863
3171 63866
3172 63861
3173 63864
3174 63863
3175 63865
3176 63861
3177 63865
3178 63863
3179 63864
3180 63863
3181 63867
3182 63864
3183 63863
3184 63864
3185 63865
3186 63863
3187 63863
3188 63865
3189 63865
3190 63865
3191 63864
3192 63864
3193 63865
3194 63863
3195 63865
3196 63865
3197 63865
3198 63865
3199 63865
3200 63865
3201 63865
3202 63863
3203 63865
3204 63863
3205 63865
3206 63863
3207 63865
3208 63864
3209 63867
3210 63863
3211 63865
3212 63865
3213 63865
3214 63863
3215 63866
3216 63863
3217 63863
3218 63865
3219 63865
3220 63865
3221 63865
3222 63864
3223 63867
3224 63865
3225 63864
3226 63865
3227 63867
3228 63865
3229 63865
3230 63859
3231 63867
3232 63864
3233 63867
3234 63867
3235 63865
3236 63863
3237 63865
3238 63865
3239 63867
3240 63865
3241 63867
3242 63867
3243 63865
3244 63865
3245 63867
3246 63867
3247 63865
3248 63865
3249 63867
3250 63865
3251 63865
3252 63867
3253 63867
3254 63865
3255 63867
3256 63865
3257 63867
3258 63865
3259 63867
3260 63863
3261 63867
3262 63865
3263 63867
3264 63867
3265 63869
3266 63865
3267 63867
3268 63867
3269 63868
3270 63865
3271 63869
3272 63867
3273 63869
3274 63865
3275 63869
3276 63867
3277 63867
3278 63867
3279 63868
3280 63867
3281 63867
3282 63867
3283 63869
3284 63867
3285 63867
3286 63867
3287 63869
3288 63867
3289 63868
3290 63869
3291 63868
3292 63867
3293 63869
3294 63867
3295 63867
3296 63867
3297 63869
3298 63869
3299 63869
3300 63869
3301 63869
3302 63868
3303 63867
3304 63867
3305 63869
3306 63868
3307 63869
3308 63867
3309 63870
3310 63866
3311 63869
3312 63867
3313 63871
3314 63869
3315 63869
3316 63868
3317 63869
3318 63867
3319 63869
3320 63869
3321 63875
3322 63867
3323 63870
3324 63869
3325 63869
3326 63869
3327 63869
3328 63870
3329 63868
3330 63869
3331 63869
3332 63869
3333 63870
3334 63869
3335 63870
3336 63867
3337 63869
3338 63869
3339 63869
3340 63867
3341 63871
3342 63871
3343 63871
3344 63870
3345 63870
3346 63871
3347 63869
3348 63867
3349 63870
3350 63869
3351 63867
3352 63869
3353 63871
3354 63867
3355 63871
3356 63870
3357 63871
3358 63869
3359 63871
3360 63869
3361 63871
3362 63869
3363 63870
3364 63869
3365 63871
3366 63869
3367 63871
3368 63869
3369 63869
3370 63869
3371 63871
3372 63869
3373 63869
3374 63869
3375 63871
3376 63869
3377 63871
3378 63871
3379 63871
3380 63869
3381 63871
3382 63869
3383 63871
3384 63869
3385 63869
3386 63867
3387 63871
3388 63869
3389 63871
3390 63871
3391 63871
3392 63869
3393 63872
3394 63871
3395 63869
3396 63871
3397 63871
3398 63871
3399 63871
3400 63869
3401 63871
3402 63871
3403 63871
3404 63871
3405 63872
3406 63869
3407 63871
3408 63871
3409 63873
3410 63869
3411 63871
3412 63871
3413 63871
3414 63869
3415 63872
3416 63871
3417 63873
3418 63870
3419 63873
3420 63871
3421 63871
3422 63871
3423 63873
3424 63871
3425 63871
3426 63871
3427 63873
3428 63871
3429 63871
3430 63871
3431 63872
3432 63871
3433 63873
3434 63872
3435 63873
3436 63871
3437 63873
3438 63871
3439 63873
3440 63871
3441 63873
3442 63872
3443 63874
3444 63871
3445 63873
3446 63871
3447 63871
3448 63871
3449 63873
3450 63873
3451 63871
3452 63871
3453 63873
3454 63873
3455 63871
3456 63871
3457 63873
3458 63871
3459 63873
3460 63873
3461 63875
3462 63871
3463 63873
3464 63873
3465 63873
3466 63871
3467 63873
3468 63872
3469 63873
3470 63871
3471 63875
3472 63871
3473 63873
3474 63871
3475 63875
3476 63873
3477 63871
3478 63872
3479 63873
3480 63873
3481 63873
3482 63873
3483 63874
3484 63873
3485 63873
3486 63873
3487 63873
3488 63872
3489 63875
3490 63875
3491 63875
3492 63873
3493 63873
3494 63873
3495 63873
3496 63873
3497 63873
3498 63873
3499 63873
3500 63873
3501 63873
3502 63873
3503 63873
3504 63873
3505 63873
3506 63873
3507 63873
3508 63873
3509 63875
3510 63871
3511 63875
3512 63873
3513 63875
3514 63873
3515 63875
3516 63875
3517 63875
3518 63873
3519 63875
3520 63873
3521 63875
3522 63873
3523 63880
3524 63873
3525 63875
3526 63873
3527 63875
3528 63873
3529 63875
3530 63875
3531 63874
3532 63875
3533 63875
3534 63875
3535 63875
3536 63875
3537 63877
3538 63871
3539 63875
3540 63875
3541 63875
3542 63875
3543 63877
3544 63875
3545 63875
3546 63875
3547 63874
3548 63873
3549 63875
3550 63875
3551 63873
3552 63875
3553 63875
3554 63873
3555 63875
3556 63875
3557 63877
3558 63872
3559 63877
3560 63875
3561 63875
3562 63875
3563 63877
3564 63875
3565 63875
3566 63877
3567 63875
3568 63873
3569 63876
3570 63875
3571 63877
3572 63875
3573 63877
3574 63875
3575 63875
3576 63875
3577 63877
3578 63873
3579 63877
3580 63876
3581 63877
3582 63876
3583 63877
3584 63877
3585 63875
3586 63875
3587 63877
3588 63873
3589 63875
3590 63877
3591 63875
3592 63875
3593 63877
3594 63877
3595 63877
3596 63875
3597 63877
3598 63877
3599 63875
3600 63875
3601 63877
3602 63875
3603 63877
3604 63876
3605 63877
3606 63875
3607 63877
3608 63875
3609 63877
3610 63873
3611 63877
3612 63875
3613 63877
3614 63875
3615 63877
3616 63877
3617 63876
3618 63877
3619 63877
3620 63877
3621 63877
3622 63875
3623 63877
3624 63875
3625 63877
3626 63877
3627 63877
3628 63877
3629 63877
3630 63877
3631 63877
3632 63875
3633 63877
3634 63877
3635 63879
3636 63876
3637 63877
3638 63877
3639 63876
3640 63875
3641 63878
3642 63877
3643 63877
3644 63877
3645 63877
3646 63877
3647 63877
3648 63877
3649 63879
3650 63876
3651 63879
3652 63877
3653 63879
3654 63877
3655 63879
3656 63876
3657 63878
3658 63877
3659 63879
3660 63875
3661 63879
3662 63877
3663 63878
3664 63877
3665 63877
3666 63877
3667 63877
3668 63877
3669 63879
3670 63877
3671 63879
3672 63875
3673 63879
3674 63875
3675 63879
3676 63878
3677 63879
3678 63877
3679 63879
3680 63877
3681 63877
3682 63877
3683 63877
3684 63879
3685 63877
3686 63879
3687 63878
3688 63877
3689 63879
3690 63877
3691 63879
3692 63876
3693 63879
3694 63877
