#Data from the TCD1304 linear CCD
#column 1 = pixelnumber , column 2 = pixelvalue
#Pixel 1-32 and 3679-3694 and are dummy pixels
#SH-period: 200    ICG-period: 100000    Integration time: 100.0 us
1 2378
2 4089
3 4087
4 4095
5 4095
6 4095
7 4095
8 4095
9 4095
10 4095
11 4095
12 4095
13 4095
14 4095
15 4095
16 4095
17 4095
18 4095
19 4095
20 4095
21 4095
22 4095
23 4095
24 4095
25 4095
26 4095
27 4095
28 4095
29 4095
30 4095
31 4095
32 3835
33 3465
34 3445
35 3453
36 3453
37 3449
38 3451
39 3457
40 3449
41 3453
42 3445
43 3453
44 3447
45 3447
46 3459
47 3455
48 3457
49 3453
50 3449
51 3455
52 3461
53 3455
54 3459
55 3453
56 3447
57 3461
58 3451
59 3459
60 3465
61 3451
62 3459
63 3445
64 3461
65 3467
66 3455
67 3465
68 3455
69 3463
70 3449
71 3457
72 3459
73 3461
74 3457
75 3463
76 3457
77 3470
78 3467
79 3465
80 3457
81 3463
82 3469
83 3461
84 3469
85 3469
86 3471
87 3467
88 3475
89 3473
90 3467
91 3477
92 3477
93 3469
94 3465
95 3479
96 3477
97 3471
98 3475
99 3481
100 3473
101 3477
102 3469
103 3481
104 3477
105 3487
106 3477
107 3485
108 3485
109 3479
110 3477
111 3483
112 3475
113 3489
114 3477
115 3479
116 3481
117 3499
118 3489
119 3493
120 3481
121 3489
122 3489
123 3489
124 3485
125 3485
126 3487
127 3493
128 3493
129 3499
130 3493
131 3499
132 3495
133 3501
134 3495
135 3495
136 3497
137 3499
138 3495
139 3509
140 3499
141 3505
142 3493
143 3503
144 3499
145 3511
146 3503
147 3507
148 3517
149 3507
150 3509
151 3507
152 3513
153 3515
154 3515
155 3517
156 3513
157 3517
158 3515
159 3515
160 3509
161 3511
162 3503
163 3513
164 3511
165 3515
166 3517
167 3519
168 3519
169 3517
170 3517
171 3527
172 3523
173 3509
174 3519
175 3511
176 3515
177 3529
178 3521
179 3519
180 3523
181 3527
182 3525
183 3529
184 3527
185 3527
186 3539
187 3527
188 3533
189 3531
190 3539
191 3525
192 3533
193 3541
194 3541
195 3537
196 3541
197 3531
198 3541
199 3537
200 3539
201 3541
202 3545
203 3541
204 3541
205 3541
206 3547
207 3539
208 3541
209 3547
210 3545
211 3543
212 3545
213 3541
214 3555
215 3543
216 3545
217 3545
218 3553
219 3553
220 3549
221 3553
222 3557
223 3547
224 3545
225 3557
226 3553
227 3559
228 3551
229 3553
230 3557
231 3561
232 3557
233 3555
234 3561
235 3555
236 3565
237 3563
238 3565
239 3565
240 3567
241 3563
242 3565
243 3561
244 3567
245 3563
246 3573
247 3565
248 3575
249 3569
250 3573
251 3577
252 3575
253 3577
254 3567
255 3577
256 3583
257 3579
258 3583
259 3583
260 3581
261 3579
262 3583
263 3591
264 3591
265 3585
266 3591
267 3583
268 3591
269 3587
270 3599
271 3585
272 3595
273 3593
274 3601
275 3589
276 3593
277 3597
278 3599
279 3587
280 3595
281 3593
282 3597
283 3591
284 3591
285 3603
286 3599
287 3593
288 3597
289 3595
290 3599
291 3597
292 3597
293 3603
294 3599
295 3601
296 3593
297 3591
298 3599
299 3601
300 3605
301 3603
302 3597
303 3611
304 3599
305 3599
306 3597
307 3597
308 3605
309 3611
310 3609
311 3613
312 3611
313 3609
314 3609
315 3613
316 3617
317 3611
318 3613
319 3609
320 3609
321 3613
322 3615
323 3623
324 3625
325 3617
326 3611
327 3625
328 3619
329 3625
330 3619
331 3621
332 3617
333 3627
334 3629
335 3623
336 3631
337 3625
338 3625
339 3625
340 3627
341 3629
342 3635
343 3637
344 3637
345 3635
346 3637
347 3633
348 3639
349 3635
350 3633
351 3641
352 3633
353 3643
354 3641
355 3645
356 3643
357 3641
358 3643
359 3645
360 3639
361 3643
362 3643
363 3641
364 3639
365 3641
366 3651
367 3643
368 3633
369 3649
370 3645
371 3647
372 3641
373 3647
374 3649
375 3647
376 3649
377 3651
378 3649
379 3655
380 3653
381 3653
382 3653
383 3647
384 3651
385 3651
386 3663
387 3657
388 3653
389 3661
390 3657
391 3655
392 3661
393 3661
394 3665
395 3659
396 3667
397 3665
398 3669
399 3669
400 3669
401 3663
402 3665
403 3665
404 3661
405 3669
406 3667
407 3679
408 3667
409 3671
410 3675
411 3677
412 3673
413 3675
414 3669
415 3675
416 3669
417 3679
418 3671
419 3675
420 3675
421 3675
422 3679
423 3681
424 3675
425 3677
426 3673
427 3681
428 3679
429 3677
430 3677
431 3685
432 3675
433 3683
434 3685
435 3683
436 3685
437 3689
438 3685
439 3687
440 3689
441 3689
442 3689
443 3687
444 3685
445 3687
446 3689
447 3689
448 3697
449 3693
450 3691
451 3693
452 3689
453 3697
454 3697
455 3693
456 3693
457 3695
458 3701
459 3691
460 3697
461 3699
462 3701
463 3701
464 3695
465 3695
466 3697
467 3693
468 3699
469 3699
470 3695
471 3701
472 3699
473 3699
474 3695
475 3695
476 3695
477 3699
478 3699
479 3701
480 3697
481 3705
482 3707
483 3703
484 3699
485 3707
486 3709
487 3703
488 3709
489 3711
490 3705
491 3711
492 3711
493 3709
494 3713
495 3719
496 3709
497 3719
498 3719
499 3717
500 3719
501 3721
502 3713
503 3719
504 3713
505 3713
506 3717
507 3719
508 3715
509 3717
510 3717
511 3713
512 3715
513 3719
514 3723
515 3719
516 3715
517 3713
518 3719
519 3715
520 3719
521 3717
522 3721
523 3715
524 3709
525 3717
526 3717
527 3721
528 3715
529 3721
530 3721
531 3719
532 3723
533 3715
534 3721
535 3711
536 3713
537 3717
538 3721
539 3713
540 3713
541 3713
542 3717
543 3719
544 3717
545 3719
546 3723
547 3717
548 3717
549 3723
550 3725
551 3727
552 3721
553 3725
554 3721
555 3717
556 3723
557 3725
558 3725
559 3729
560 3727
561 3727
562 3723
563 3723
564 3731
565 3725
566 3723
567 3733
568 3729
569 3723
570 3727
571 3719
572 3731
573 3725
574 3723
575 3739
576 3729
577 3725
578 3731
579 3733
580 3723
581 3729
582 3731
583 3733
584 3731
585 3729
586 3729
587 3741
588 3729
589 3735
590 3733
591 3735
592 3733
593 3723
594 3733
595 3733
596 3725
597 3723
598 3727
599 3737
600 3731
601 3735
602 3733
603 3737
604 3743
605 3735
606 3729
607 3731
608 3731
609 3733
610 3737
611 3735
612 3735
613 3739
614 3733
615 3737
616 3737
617 3737
618 3741
619 3735
620 3737
621 3739
622 3733
623 3735
624 3737
625 3741
626 3739
627 3737
628 3739
629 3735
630 3735
631 3735
632 3743
633 3747
634 3741
635 3739
636 3749
637 3735
638 3733
639 3741
640 3739
641 3745
642 3743
643 3741
644 3739
645 3743
646 3731
647 3745
648 3741
649 3745
650 3745
651 3743
652 3735
653 3741
654 3737
655 3741
656 3747
657 3735
658 3735
659 3747
660 3745
661 3743
662 3745
663 3741
664 3745
665 3747
666 3747
667 3741
668 3737
669 3747
670 3739
671 3749
672 3737
673 3747
674 3743
675 3747
676 3741
677 3749
678 3749
679 3747
680 3745
681 3747
682 3741
683 3745
684 3743
685 3753
686 3747
687 3747
688 3747
689 3741
690 3745
691 3745
692 3745
693 3747
694 3745
695 3747
696 3741
697 3747
698 3747
699 3745
700 3745
701 3757
702 3747
703 3753
704 3741
705 3751
706 3751
707 3751
708 3749
709 3747
710 3749
711 3743
712 3745
713 3745
714 3749
715 3747
716 3741
717 3749
718 3749
719 3747
720 3759
721 3749
722 3749
723 3745
724 3745
725 3753
726 3753
727 3749
728 3747
729 3751
730 3745
731 3749
732 3751
733 3747
734 3751
735 3743
736 3749
737 3755
738 3745
739 3749
740 3745
741 3753
742 3749
743 3747
744 3741
745 3747
746 3747
747 3745
748 3743
749 3739
750 3743
751 3749
752 3743
753 3747
754 3745
755 3745
756 3747
757 3749
758 3755
759 3747
760 3747
761 3751
762 3743
763 3747
764 3751
765 3747
766 3745
767 3747
768 3743
769 3751
770 3751
771 3749
772 3745
773 3753
774 3749
775 3745
776 3745
777 3751
778 3749
779 3747
780 3747
781 3747
782 3757
783 3753
784 3747
785 3751
786 3753
787 3757
788 3743
789 3749
790 3755
791 3753
792 3751
793 3751
794 3749
795 3749
796 3749
797 3753
798 3749
799 3757
800 3749
801 3747
802 3751
803 3759
804 3747
805 3747
806 3745
807 3749
808 3745
809 3747
810 3743
811 3753
812 3753
813 3747
814 3753
815 3751
816 3749
817 3749
818 3753
819 3747
820 3749
821 3749
822 3751
823 3753
824 3747
825 3753
826 3749
827 3751
828 3743
829 3745
830 3749
831 3749
832 3747
833 3757
834 3745
835 3755
836 3749
837 3751
838 3751
839 3751
840 3749
841 3751
842 3753
843 3747
844 3749
845 3755
846 3749
847 3747
848 3755
849 3749
850 3749
851 3755
852 3749
853 3755
854 3747
855 3749
856 3753
857 3753
858 3751
859 3755
860 3749
861 3753
862 3751
863 3747
864 3751
865 3759
866 3759
867 3749
868 3753
869 3757
870 3749
871 3747
872 3755
873 3757
874 3749
875 3755
876 3755
877 3753
878 3749
879 3745
880 3745
881 3759
882 3749
883 3747
884 3751
885 3749
886 3747
887 3759
888 3751
889 3757
890 3745
891 3757
892 3749
893 3757
894 3751
895 3751
896 3753
897 3751
898 3753
899 3739
900 3751
901 3751
902 3745
903 3753
904 3745
905 3763
906 3743
907 3753
908 3753
909 3751
910 3755
911 3747
912 3747
913 3745
914 3753
915 3749
916 3747
917 3749
918 3749
919 3743
920 3749
921 3747
922 3757
923 3753
924 3749
925 3753
926 3749
927 3747
928 3747
929 3749
930 3743
931 3749
932 3747
933 3749
934 3747
935 3747
936 3745
937 3749
938 3745
939 3745
940 3745
941 3749
942 3745
943 3747
944 3751
945 3753
946 3737
947 3749
948 3745
949 3753
950 3753
951 3747
952 3741
953 3745
954 3751
955 3741
956 3745
957 3745
958 3739
959 3749
960 3745
961 3749
962 3745
963 3741
964 3747
965 3749
966 3749
967 3743
968 3743
969 3737
970 3739
971 3743
972 3739
973 3741
974 3747
975 3741
976 3745
977 3739
978 3743
979 3751
980 3747
981 3747
982 3741
983 3745
984 3743
985 3745
986 3743
987 3739
988 3741
989 3741
990 3745
991 3745
992 3745
993 3739
994 3741
995 3743
996 3743
997 3741
998 3741
999 3747
1000 3737
1001 3747
1002 3743
1003 3737
1004 3737
1005 3749
1006 3731
1007 3737
1008 3737
1009 3747
1010 3739
1011 3743
1012 3735
1013 3735
1014 3739
1015 3741
1016 3739
1017 3747
1018 3741
1019 3739
1020 3733
1021 3741
1022 3731
1023 3737
1024 3739
1025 3739
1026 3743
1027 3733
1028 3731
1029 3733
1030 3735
1031 3739
1032 3735
1033 3737
1034 3737
1035 3747
1036 3737
1037 3737
1038 3733
1039 3737
1040 3731
1041 3733
1042 3733
1043 3733
1044 3731
1045 3735
1046 3733
1047 3731
1048 3739
1049 3733
1050 3735
1051 3735
1052 3729
1053 3733
1054 3733
1055 3731
1056 3733
1057 3729
1058 3733
1059 3729
1060 3737
1061 3737
1062 3721
1063 3725
1064 3729
1065 3727
1066 3735
1067 3729
1068 3729
1069 3729
1070 3727
1071 3729
1072 3729
1073 3729
1074 3731
1075 3729
1076 3729
1077 3717
1078 3727
1079 3729
1080 3731
1081 3727
1082 3729
1083 3727
1084 3735
1085 3725
1086 3729
1087 3725
1088 3727
1089 3725
1090 3729
1091 3721
1092 3725
1093 3727
1094 3721
1095 3727
1096 3721
1097 3731
1098 3729
1099 3723
1100 3723
1101 3737
1102 3721
1103 3721
1104 3717
1105 3729
1106 3721
1107 3723
1108 3721
1109 3719
1110 3721
1111 3725
1112 3725
1113 3723
1114 3725
1115 3719
1116 3723
1117 3723
1118 3721
1119 3721
1120 3715
1121 3723
1122 3725
1123 3725
1124 3719
1125 3721
1126 3719
1127 3729
1128 3717
1129 3727
1130 3715
1131 3723
1132 3721
1133 3715
1134 3717
1135 3719
1136 3717
1137 3719
1138 3723
1139 3721
1140 3717
1141 3713
1142 3721
1143 3717
1144 3721
1145 3713
1146 3715
1147 3717
1148 3719
1149 3717
1150 3719
1151 3717
1152 3711
1153 3713
1154 3711
1155 3719
1156 3715
1157 3715
1158 3711
1159 3703
1160 3709
1161 3713
1162 3715
1163 3711
1164 3703
1165 3711
1166 3711
1167 3709
1168 3711
1169 3715
1170 3707
1171 3707
1172 3699
1173 3703
1174 3697
1175 3711
1176 3705
1177 3709
1178 3707
1179 3705
1180 3715
1181 3701
1182 3699
1183 3711
1184 3711
1185 3699
1186 3707
1187 3709
1188 3703
1189 3709
1190 3699
1191 3695
1192 3693
1193 3705
1194 3703
1195 3697
1196 3701
1197 3695
1198 3697
1199 3699
1200 3695
1201 3701
1202 3699
1203 3699
1204 3707
1205 3703
1206 3695
1207 3687
1208 3693
1209 3691
1210 3695
1211 3701
1212 3693
1213 3695
1214 3693
1215 3695
1216 3695
1217 3699
1218 3701
1219 3691
1220 3691
1221 3695
1222 3691
1223 3697
1224 3687
1225 3689
1226 3691
1227 3695
1228 3685
1229 3689
1230 3695
1231 3689
1232 3693
1233 3687
1234 3689
1235 3687
1236 3691
1237 3687
1238 3685
1239 3689
1240 3687
1241 3685
1242 3687
1243 3689
1244 3681
1245 3681
1246 3687
1247 3687
1248 3679
1249 3681
1250 3679
1251 3681
1252 3679
1253 3685
1254 3677
1255 3677
1256 3679
1257 3675
1258 3679
1259 3667
1260 3671
1261 3677
1262 3679
1263 3679
1264 3667
1265 3673
1266 3673
1267 3669
1268 3669
1269 3667
1270 3669
1271 3661
1272 3663
1273 3669
1274 3659
1275 3655
1276 3663
1277 3659
1278 3661
1279 3665
1280 3651
1281 3661
1282 3659
1283 3653
1284 3651
1285 3651
1286 3645
1287 3645
1288 3651
1289 3649
1290 3639
1291 3643
1292 3641
1293 3635
1294 3635
1295 3629
1296 3629
1297 3623
1298 3623
1299 3625
1300 3617
1301 3613
1302 3617
1303 3611
1304 3611
1305 3601
1306 3597
1307 3609
1308 3597
1309 3603
1310 3589
1311 3593
1312 3585
1313 3581
1314 3575
1315 3577
1316 3571
1317 3565
1318 3563
1319 3567
1320 3563
1321 3559
1322 3547
1323 3553
1324 3543
1325 3539
1326 3541
1327 3533
1328 3529
1329 3525
1330 3519
1331 3523
1332 3525
1333 3527
1334 3513
1335 3513
1336 3507
1337 3503
1338 3495
1339 3499
1340 3477
1341 3489
1342 3479
1343 3477
1344 3481
1345 3473
1346 3473
1347 3461
1348 3457
1349 3455
1350 3447
1351 3447
1352 3437
1353 3441
1354 3439
1355 3443
1356 3429
1357 3421
1358 3421
1359 3423
1360 3419
1361 3413
1362 3417
1363 3405
1364 3407
1365 3403
1366 3413
1367 3403
1368 3399
1369 3405
1370 3401
1371 3391
1372 3393
1373 3387
1374 3385
1375 3387
1376 3377
1377 3377
1378 3373
1379 3377
1380 3361
1381 3369
1382 3351
1383 3361
1384 3361
1385 3367
1386 3357
1387 3361
1388 3345
1389 3355
1390 3345
1391 3345
1392 3335
1393 3333
1394 3337
1395 3327
1396 3333
1397 3325
1398 3329
1399 3319
1400 3307
1401 3325
1402 3309
1403 3311
1404 3305
1405 3305
1406 3291
1407 3295
1408 3289
1409 3295
1410 3293
1411 3281
1412 3283
1413 3289
1414 3283
1415 3279
1416 3273
1417 3283
1418 3275
1419 3267
1420 3269
1421 3259
1422 3255
1423 3265
1424 3261
1425 3257
1426 3257
1427 3255
1428 3243
1429 3251
1430 3249
1431 3253
1432 3247
1433 3253
1434 3249
1435 3241
1436 3245
1437 3235
1438 3237
1439 3243
1440 3243
1441 3229
1442 3223
1443 3217
1444 3221
1445 3217
1446 3211
1447 3205
1448 3201
1449 3193
1450 3181
1451 3185
1452 3187
1453 3171
1454 3171
1455 3181
1456 3179
1457 3175
1458 3167
1459 3169
1460 3161
1461 3157
1462 3171
1463 3149
1464 3147
1465 3155
1466 3151
1467 3139
1468 3137
1469 3121
1470 3123
1471 3123
1472 3105
1473 3121
1474 3113
1475 3109
1476 3107
1477 3099
1478 3091
1479 3097
1480 3087
1481 3071
1482 3081
1483 3063
1484 3049
1485 3043
1486 3057
1487 3045
1488 3031
1489 3021
1490 3025
1491 3003
1492 3013
1493 3003
1494 2985
1495 2979
1496 2969
1497 2963
1498 2969
1499 2941
1500 2941
1501 2935
1502 2911
1503 2897
1504 2897
1505 2885
1506 2877
1507 2867
1508 2861
1509 2853
1510 2843
1511 2837
1512 2819
1513 2805
1514 2795
1515 2789
1516 2789
1517 2767
1518 2753
1519 2741
1520 2731
1521 2729
1522 2713
1523 2689
1524 2687
1525 2679
1526 2657
1527 2657
1528 2629
1529 2633
1530 2609
1531 2595
1532 2605
1533 2589
1534 2573
1535 2563
1536 2549
1537 2547
1538 2521
1539 2535
1540 2513
1541 2505
1542 2490
1543 2467
1544 2461
1545 2461
1546 2453
1547 2443
1548 2455
1549 2427
1550 2430
1551 2413
1552 2381
1553 2387
1554 2353
1555 2343
1556 2343
1557 2311
1558 2319
1559 2330
1560 2307
1561 2297
1562 2301
1563 2303
1564 2289
1565 2267
1566 2245
1567 2237
1568 2233
1569 2201
1570 2209
1571 2199
1572 2195
1573 2187
1574 2164
1575 2165
1576 2171
1577 2141
1578 2137
1579 2137
1580 2106
1581 2101
1582 2093
1583 2081
1584 2075
1585 2069
1586 2055
1587 2048
1588 2033
1589 2035
1590 2027
1591 2019
1592 2011
1593 2001
1594 2000
1595 1995
1596 1981
1597 1971
1598 1951
1599 1959
1600 1947
1601 1949
1602 1933
1603 1931
1604 1935
1605 1931
1606 1919
1607 1911
1608 1905
1609 1905
1610 1885
1611 1887
1612 1884
1613 1883
1614 1877
1615 1871
1616 1871
1617 1867
1618 1861
1619 1855
1620 1850
1621 1850
1622 1837
1623 1835
1624 1831
1625 1825
1626 1821
1627 1816
1628 1817
1629 1811
1630 1813
1631 1813
1632 1815
1633 1820
1634 1813
1635 1811
1636 1809
1637 1804
1638 1803
1639 1797
1640 1795
1641 1791
1642 1791
1643 1785
1644 1783
1645 1779
1646 1779
1647 1773
1648 1774
1649 1767
1650 1769
1651 1767
1652 1767
1653 1761
1654 1763
1655 1759
1656 1761
1657 1757
1658 1758
1659 1753
1660 1754
1661 1759
1662 1753
1663 1751
1664 1752
1665 1748
1666 1749
1667 1747
1668 1747
1669 1743
1670 1745
1671 1743
1672 1743
1673 1741
1674 1743
1675 1740
1676 1747
1677 1739
1678 1739
1679 1735
1680 1737
1681 1733
1682 1735
1683 1731
1684 1733
1685 1731
1686 1735
1687 1731
1688 1731
1689 1731
1690 1731
1691 1725
1692 1729
1693 1727
1694 1729
1695 1725
1696 1729
1697 1723
1698 1729
1699 1725
1700 1725
1701 1723
1702 1724
1703 1721
1704 1723
1705 1720
1706 1722
1707 1719
1708 1721
1709 1723
1710 1719
1711 1719
1712 1721
1713 1717
1714 1718
1715 1719
1716 1719
1717 1717
1718 1717
1719 1717
1720 1717
1721 1715
1722 1717
1723 1713
1724 1715
1725 1714
1726 1715
1727 1713
1728 1715
1729 1711
1730 1713
1731 1710
1732 1713
1733 1709
1734 1713
1735 1709
1736 1711
1737 1709
1738 1711
1739 1709
1740 1711
1741 1709
1742 1711
1743 1707
1744 1709
1745 1709
1746 1707
1747 1707
1748 1707
1749 1707
1750 1707
1751 1705
1752 1708
1753 1703
1754 1705
1755 1705
1756 1705
1757 1702
1758 1705
1759 1705
1760 1705
1761 1703
1762 1707
1763 1701
1764 1703
1765 1705
1766 1702
1767 1701
1768 1703
1769 1701
1770 1702
1771 1701
1772 1701
1773 1699
1774 1699
1775 1701
1776 1705
1777 1698
1778 1703
1779 1698
1780 1701
1781 1697
1782 1701
1783 1697
1784 1697
1785 1699
1786 1699
1787 1696
1788 1697
1789 1697
1790 1698
1791 1693
1792 1697
1793 1697
1794 1697
1795 1693
1796 1697
1797 1696
1798 1697
1799 1693
1800 1697
1801 1695
1802 1693
1803 1695
1804 1696
1805 1693
1806 1693
1807 1693
1808 1694
1809 1693
1810 1695
1811 1693
1812 1695
1813 1693
1814 1695
1815 1691
1816 1695
1817 1693
1818 1693
1819 1689
1820 1693
1821 1691
1822 1691
1823 1691
1824 1693
1825 1691
1826 1693
1827 1689
1828 1691
1829 1693
1830 1693
1831 1691
1832 1693
1833 1689
1834 1683
1835 1691
1836 1691
1837 1689
1838 1691
1839 1690
1840 1689
1841 1689
1842 1691
1843 1687
1844 1689
1845 1689
1846 1689
1847 1687
1848 1689
1849 1689
1850 1689
1851 1689
1852 1691
1853 1688
1854 1689
1855 1687
1856 1691
1857 1687
1858 1688
1859 1689
1860 1688
1861 1689
1862 1689
1863 1687
1864 1687
1865 1685
1866 1689
1867 1685
1868 1687
1869 1687
1870 1687
1871 1684
1872 1687
1873 1687
1874 1687
1875 1685
1876 1686
1877 1685
1878 1686
1879 1685
1880 1685
1881 1683
1882 1687
1883 1685
1884 1685
1885 1683
1886 1687
1887 1683
1888 1685
1889 1683
1890 1685
1891 1683
1892 1686
1893 1684
1894 1684
1895 1683
1896 1685
1897 1683
1898 1684
1899 1683
1900 1685
1901 1683
1902 1684
1903 1684
1904 1685
1905 1682
1906 1684
1907 1683
1908 1683
1909 1681
1910 1683
1911 1681
1912 1683
1913 1682
1914 1683
1915 1681
1916 1683
1917 1681
1918 1681
1919 1681
1920 1681
1921 1680
1922 1681
1923 1682
1924 1681
1925 1680
1926 1681
1927 1681
1928 1681
1929 1679
1930 1681
1931 1679
1932 1681
1933 1678
1934 1685
1935 1679
1936 1681
1937 1681
1938 1680
1939 1679
1940 1681
1941 1679
1942 1680
1943 1677
1944 1681
1945 1679
1946 1679
1947 1678
1948 1681
1949 1681
1950 1680
1951 1680
1952 1679
1953 1678
1954 1681
1955 1679
1956 1679
1957 1677
1958 1679
1959 1677
1960 1679
1961 1679
1962 1679
1963 1677
1964 1677
1965 1679
1966 1678
1967 1677
1968 1679
1969 1677
1970 1677
1971 1677
1972 1679
1973 1677
1974 1679
1975 1677
1976 1677
1977 1675
1978 1677
1979 1676
1980 1677
1981 1675
1982 1677
1983 1677
1984 1676
1985 1675
1986 1677
1987 1676
1988 1677
1989 1675
1990 1678
1991 1674
1992 1677
1993 1677
1994 1677
1995 1675
1996 1677
1997 1674
1998 1675
1999 1674
2000 1677
2001 1675
2002 1675
2003 1673
2004 1675
2005 1673
2006 1675
2007 1675
2008 1675
2009 1673
2010 1675
2011 1675
2012 1675
2013 1673
2014 1675
2015 1673
2016 1675
2017 1673
2018 1675
2019 1673
2020 1675
2021 1673
2022 1673
2023 1675
2024 1673
2025 1673
2026 1675
2027 1673
2028 1674
2029 1675
2030 1673
2031 1673
2032 1675
2033 1673
2034 1674
2035 1673
2036 1675
2037 1673
2038 1673
2039 1673
2040 1673
2041 1673
2042 1673
2043 1673
2044 1673
2045 1671
2046 1673
2047 1671
2048 1674
2049 1672
2050 1674
2051 1671
2052 1673
2053 1673
2054 1672
2055 1671
2056 1673
2057 1672
2058 1673
2059 1671
2060 1673
2061 1672
2062 1673
2063 1670
2064 1673
2065 1671
2066 1672
2067 1671
2068 1671
2069 1671
2070 1671
2071 1671
2072 1671
2073 1671
2074 1670
2075 1671
2076 1671
2077 1670
2078 1673
2079 1669
2080 1671
2081 1669
2082 1671
2083 1669
2084 1672
2085 1669
2086 1671
2087 1669
2088 1671
2089 1668
2090 1669
2091 1668
2092 1671
2093 1669
2094 1670
2095 1669
2096 1671
2097 1668
2098 1672
2099 1669
2100 1671
2101 1669
2102 1669
2103 1669
2104 1671
2105 1669
2106 1669
2107 1669
2108 1670
2109 1669
2110 1669
2111 1669
2112 1669
2113 1667
2114 1671
2115 1668
2116 1669
2117 1667
2118 1671
2119 1667
2120 1669
2121 1671
2122 1668
2123 1668
2124 1669
2125 1669
2126 1669
2127 1667
2128 1669
2129 1669
2130 1669
2131 1667
2132 1667
2133 1667
2134 1667
2135 1666
2136 1668
2137 1667
2138 1669
2139 1669
2140 1671
2141 1667
2142 1669
2143 1667
2144 1671
2145 1667
2146 1669
2147 1667
2148 1670
2149 1667
2150 1667
2151 1669
2152 1667
2153 1667
2154 1668
2155 1668
2156 1667
2157 1667
2158 1667
2159 1669
2160 1667
2161 1667
2162 1669
2163 1667
2164 1667
2165 1665
2166 1669
2167 1667
2168 1667
2169 1666
2170 1669
2171 1667
2172 1665
2173 1665
2174 1667
2175 1665
2176 1667
2177 1667
2178 1667
2179 1665
2180 1667
2181 1667
2182 1667
2183 1665
2184 1666
2185 1666
2186 1666
2187 1665
2188 1669
2189 1665
2190 1666
2191 1665
2192 1667
2193 1665
2194 1665
2195 1667
2196 1665
2197 1664
2198 1665
2199 1665
2200 1666
2201 1664
2202 1665
2203 1667
2204 1665
2205 1664
2206 1667
2207 1665
2208 1665
2209 1663
2210 1665
2211 1665
2212 1665
2213 1664
2214 1667
2215 1664
2216 1665
2217 1664
2218 1665
2219 1665
2220 1665
2221 1664
2222 1665
2223 1665
2224 1665
2225 1665
2226 1665
2227 1665
2228 1665
2229 1664
2230 1664
2231 1667
2232 1665
2233 1663
2234 1665
2235 1662
2236 1665
2237 1663
2238 1664
2239 1662
2240 1665
2241 1663
2242 1663
2243 1665
2244 1665
2245 1663
2246 1665
2247 1663
2248 1663
2249 1663
2250 1664
2251 1665
2252 1664
2253 1663
2254 1663
2255 1663
2256 1661
2257 1661
2258 1665
2259 1662
2260 1662
2261 1663
2262 1664
2263 1661
2264 1662
2265 1662
2266 1663
2267 1662
2268 1663
2269 1663
2270 1663
2271 1661
2272 1665
2273 1663
2274 1663
2275 1663
2276 1665
2277 1664
2278 1663
2279 1667
2280 1664
2281 1685
2282 1663
2283 1715
2284 1664
2285 1723
2286 1663
2287 1727
2288 1664
2289 1729
2290 1663
2291 1729
2292 1665
2293 1731
2294 1685
2295 1731
2296 1715
2297 1729
2298 1727
2299 1731
2300 1731
2301 1731
2302 1729
2303 1733
2304 1733
2305 1733
2306 1733
2307 1733
2308 1733
2309 1735
2310 1735
2311 1737
2312 1735
2313 1737
2314 1737
2315 1739
2316 1737
2317 1739
2318 1741
2319 1739
2320 1740
2321 1741
2322 1741
2323 1743
2324 1739
2325 1743
2326 1743
2327 1739
2328 1741
2329 1743
2330 1741
2331 1741
2332 1743
2333 1741
2334 1743
2335 1741
2336 1744
2337 1741
2338 1745
2339 1743
2340 1745
2341 1741
2342 1745
2343 1743
2344 1747
2345 1743
2346 1744
2347 1744
2348 1746
2349 1743
2350 1745
2351 1745
2352 1745
2353 1745
2354 1745
2355 1749
2356 1747
2357 1748
2358 1747
2359 1751
2360 1747
2361 1749
2362 1747
2363 1751
2364 1749
2365 1749
2366 1749
2367 1752
2368 1751
2369 1754
2370 1752
2371 1755
2372 1753
2373 1753
2374 1753
2375 1755
2376 1755
2377 1755
2378 1759
2379 1755
2380 1755
2381 1759
2382 1757
2383 1753
2384 1755
2385 1759
2386 1758
2387 1757
2388 1757
2389 1759
2390 1757
2391 1759
2392 1759
2393 1759
2394 1757
2395 1759
2396 1760
2397 1760
2398 1761
2399 1761
2400 1762
2401 1763
2402 1761
2403 1763
2404 1761
2405 1763
2406 1762
2407 1761
2408 1761
2409 1761
2410 1763
2411 1763
2412 1763
2413 1763
2414 1763
2415 1765
2416 1761
2417 1763
2418 1765
2419 1765
2420 1765
2421 1767
2422 1765
2423 1770
2424 1766
2425 1769
2426 1767
2427 1769
2428 1769
2429 1771
2430 1769
2431 1771
2432 1769
2433 1773
2434 1769
2435 1771
2436 1769
2437 1775
2438 1770
2439 1773
2440 1771
2441 1773
2442 1771
2443 1773
2444 1773
2445 1774
2446 1772
2447 1772
2448 1773
2449 1775
2450 1771
2451 1777
2452 1773
2453 1777
2454 1775
2455 1777
2456 1775
2457 1775
2458 1777
2459 1777
2460 1778
2461 1779
2462 1777
2463 1779
2464 1779
2465 1779
2466 1779
2467 1778
2468 1777
2469 1777
2470 1780
2471 1779
2472 1775
2473 1780
2474 1781
2475 1779
2476 1779
2477 1779
2478 1781
2479 1781
2480 1781
2481 1781
2482 1785
2483 1781
2484 1785
2485 1783
2486 1787
2487 1781
2488 1789
2489 1785
2490 1789
2491 1785
2492 1789
2493 1785
2494 1787
2495 1786
2496 1791
2497 1786
2498 1791
2499 1787
2500 1791
2501 1790
2502 1791
2503 1791
2504 1791
2505 1793
2506 1791
2507 1793
2508 1797
2509 1795
2510 1791
2511 1795
2512 1790
2513 1793
2514 1791
2515 1795
2516 1791
2517 1795
2518 1793
2519 1793
2520 1791
2521 1791
2522 1791
2523 1795
2524 1795
2525 1801
2526 1795
2527 1797
2528 1795
2529 1799
2530 1795
2531 1801
2532 1795
2533 1803
2534 1795
2535 1801
2536 1799
2537 1805
2538 1799
2539 1801
2540 1800
2541 1799
2542 1805
2543 1799
2544 1801
2545 1799
2546 1800
2547 1799
2548 1801
2549 1800
2550 1801
2551 1807
2552 1801
2553 1801
2554 1803
2555 1802
2556 1803
2557 1801
2558 1805
2559 1803
2560 1805
2561 1803
2562 1811
2563 1805
2564 1807
2565 1803
2566 1809
2567 1809
2568 1809
2569 1811
2570 1811
2571 1811
2572 1808
2573 1815
2574 1809
2575 1810
2576 1811
2577 1809
2578 1812
2579 1809
2580 1813
2581 1811
2582 1813
2583 1811
2584 1815
2585 1813
2586 1815
2587 1814
2588 1816
2589 1816
2590 1819
2591 1821
2592 1819
2593 1819
2594 1816
2595 1819
2596 1817
2597 1815
2598 1819
2599 1819
2600 1817
2601 1819
2602 1817
2603 1818
2604 1819
2605 1817
2606 1815
2607 1819
2608 1823
2609 1821
2610 1823
2611 1821
2612 1825
2613 1817
2614 1823
2615 1815
2616 1822
2617 1819
2618 1823
2619 1821
2620 1822
2621 1823
2622 1824
2623 1825
2624 1828
2625 1825
2626 1829
2627 1824
2628 1831
2629 1825
2630 1829
2631 1821
2632 1827
2633 1823
2634 1827
2635 1825
2636 1832
2637 1825
2638 1831
2639 1827
2640 1833
2641 1826
2642 1831
2643 1831
2644 1833
2645 1833
2646 1835
2647 1835
2648 1833
2649 1831
2650 1832
2651 1835
2652 1829
2653 1833
2654 1831
2655 1836
2656 1835
2657 1845
2658 1841
2659 1849
2660 1847
2661 1851
2662 1849
2663 1845
2664 1844
2665 1842
2666 1846
2667 1841
2668 1845
2669 1847
2670 1845
2671 1845
2672 1843
2673 1845
2674 1843
2675 1843
2676 1843
2677 1841
2678 1843
2679 1841
2680 1845
2681 1839
2682 1845
2683 1843
2684 1843
2685 1843
2686 1845
2687 1845
2688 1847
2689 1843
2690 1851
2691 1843
2692 1851
2693 1845
2694 1851
2695 1845
2696 1851
2697 1847
2698 1847
2699 1845
2700 1849
2701 1849
2702 1849
2703 1849
2704 1850
2705 1851
2706 1855
2707 1849
2708 1854
2709 1851
2710 1855
2711 1853
2712 1857
2713 1857
2714 1857
2715 1862
2716 1855
2717 1861
2718 1853
2719 1863
2720 1857
2721 1861
2722 1861
2723 1861
2724 1861
2725 1859
2726 1859
2727 1857
2728 1857
2729 1857
2730 1861
2731 1857
2732 1861
2733 1857
2734 1863
2735 1857
2736 1864
2737 1863
2738 1863
2739 1860
2740 1863
2741 1865
2742 1866
2743 1867
2744 1869
2745 1865
2746 1871
2747 1872
2748 1869
2749 1875
2750 1867
2751 1871
2752 1869
2753 1873
2754 1865
2755 1869
2756 1864
2757 1871
2758 1870
2759 1871
2760 1875
2761 1873
2762 1879
2763 1877
2764 1876
2765 1877
2766 1877
2767 1877
2768 1875
2769 1879
2770 1873
2771 1883
2772 1875
2773 1885
2774 1879
2775 1881
2776 1883
2777 1881
2778 1883
2779 1883
2780 1879
2781 1885
2782 1883
2783 1883
2784 1889
2785 1883
2786 1887
2787 1883
2788 1889
2789 1885
2790 1889
2791 1887
2792 1887
2793 1887
2794 1885
2795 1888
2796 1881
2797 1891
2798 1887
2799 1887
2800 1891
2801 1893
2802 1891
2803 1889
2804 1893
2805 1891
2806 1891
2807 1891
2808 1893
2809 1892
2810 1887
2811 1893
2812 1893
2813 1891
2814 1893
2815 1889
2816 1897
2817 1890
2818 1897
2819 1891
2820 1893
2821 1887
2822 1891
2823 1890
2824 1891
2825 1887
2826 1894
2827 1889
2828 1895
2829 1899
2830 1893
2831 1896
2832 1895
2833 1897
2834 1897
2835 1895
2836 1899
2837 1896
2838 1907
2839 1901
2840 1903
2841 1901
2842 1903
2843 1893
2844 1899
2845 1901
2846 1899
2847 1907
2848 1901
2849 1913
2850 1905
2851 1915
2852 1913
2853 1917
2854 1923
2855 1910
2856 1911
2857 1915
2858 1909
2859 1913
2860 1913
2861 1915
2862 1909
2863 1919
2864 1912
2865 1919
2866 1911
2867 1913
2868 1919
2869 1915
2870 1911
2871 1915
2872 1915
2873 1924
2874 1915
2875 1921
2876 1915
2877 1919
2878 1917
2879 1921
2880 1915
2881 1921
2882 1921
2883 1920
2884 1915
2885 1917
2886 1915
2887 1921
2888 1917
2889 1921
2890 1919
2891 1923
2892 1919
2893 1925
2894 1921
2895 1929
2896 1913
2897 1930
2898 1917
2899 1937
2900 1921
2901 1927
2902 1927
2903 1925
2904 1931
2905 1931
2906 1927
2907 1928
2908 1931
2909 1917
2910 1931
2911 1919
2912 1931
2913 1925
2914 1929
2915 1931
2916 1929
2917 1933
2918 1928
2919 1940
2920 1939
2921 1939
2922 1941
2923 1935
2924 1935
2925 1941
2926 1939
2927 1947
2928 1943
2929 1939
2930 1943
2931 1949
2932 1945
2933 1949
2934 1941
2935 1945
2936 1945
2937 1939
2938 1947
2939 1939
2940 1941
2941 1943
2942 1941
2943 1939
2944 1943
2945 1947
2946 1951
2947 1943
2948 1949
2949 1938
2950 1943
2951 1937
2952 1945
2953 1947
2954 1955
2955 1957
2956 1947
2957 1943
2958 1945
2959 1953
2960 1949
2961 1951
2962 1951
2963 1945
2964 1957
2965 1955
2966 1956
2967 1963
2968 1949
2969 1951
2970 1956
2971 1961
2972 1961
2973 1953
2974 1953
2975 1959
2976 1955
2977 1961
2978 1963
2979 1971
2980 1971
2981 1967
2982 1977
2983 1967
2984 1967
2985 1969
2986 1963
2987 1969
2988 1965
2989 1975
2990 1963
2991 1969
2992 1961
2993 1965
2994 1961
2995 1964
2996 1963
2997 1973
2998 1970
2999 1969
3000 1971
3001 1973
3002 1977
3003 1977
3004 1981
3005 1971
3006 1975
3007 1977
3008 1977
3009 1983
3010 1985
3011 1979
3012 1979
3013 1973
3014 1975
3015 1975
3016 1973
3017 1977
3018 1973
3019 1975
3020 1975
3021 1975
3022 1972
3023 1977
3024 1983
3025 1977
3026 1985
3027 1987
3028 1985
3029 1977
3030 1992
3031 1989
3032 1983
3033 1989
3034 1989
3035 1997
3036 1985
3037 1992
3038 1979
3039 1989
3040 1983
3041 1988
3042 1987
3043 1989
3044 1993
3045 1999
3046 1989
3047 1995
3048 1995
3049 1993
3050 1987
3051 1993
3052 1989
3053 1989
3054 1995
3055 1996
3056 1991
3057 2003
3058 1995
3059 2001
3060 1997
3061 1991
3062 2001
3063 1989
3064 1999
3065 2001
3066 2009
3067 2001
3068 2001
3069 2005
3070 1997
3071 2015
3072 1998
3073 2013
3074 2009
3075 2001
3076 1999
3077 2010
3078 2007
3079 2013
3080 2017
3081 2009
3082 2013
3083 2009
3084 2017
3085 2015
3086 2021
3087 2017
3088 2013
3089 2020
3090 2007
3091 2015
3092 2019
3093 2019
3094 2019
3095 2033
3096 2025
3097 2021
3098 2027
3099 2024
3100 2031
3101 2029
3102 2017
3103 2024
3104 2025
3105 2015
3106 2025
3107 2025
3108 2025
3109 2031
3110 2019
3111 2037
3112 2029
3113 2041
3114 2025
3115 2035
3116 2029
3117 2042
3118 2035
3119 2035
3120 2033
3121 2031
3122 2037
3123 2037
3124 2037
3125 2026
3126 2029
3127 2037
3128 2027
3129 2047
3130 2039
3131 2046
3132 2043
3133 2043
3134 2051
3135 2043
3136 2053
3137 2045
3138 2043
3139 2033
3140 2043
3141 2041
3142 2051
3143 2046
3144 2036
3145 2037
3146 2049
3147 2049
3148 2046
3149 2039
3150 2039
3151 2049
3152 2041
3153 2054
3154 2055
3155 2047
3156 2064
3157 2059
3158 2051
3159 2051
3160 2051
3161 2059
3162 2052
3163 2071
3164 2067
3165 2055
3166 2064
3167 2055
3168 2067
3169 2063
3170 2073
3171 2055
3172 2069
3173 2064
3174 2077
3175 2065
3176 2053
3177 2071
3178 2069
3179 2065
3180 2073
3181 2073
3182 2071
3183 2077
3184 2069
3185 2083
3186 2077
3187 2077
3188 2074
3189 2075
3190 2073
3191 2085
3192 2065
3193 2075
3194 2085
3195 2089
3196 2073
3197 2091
3198 2088
3199 2093
3200 2089
3201 2097
3202 2097
3203 2103
3204 2084
3205 2103
3206 2087
3207 2091
3208 2099
3209 2107
3210 2109
3211 2103
3212 2097
3213 2103
3214 2109
3215 2087
3216 2105
3217 2099
3218 2115
3219 2101
3220 2107
3221 2107
3222 2111
3223 2111
3224 2119
3225 2117
3226 2115
3227 2111
3228 2116
3229 2101
3230 2117
3231 2109
3232 2122
3233 2120
3234 2119
3235 2117
3236 2121
3237 2129
3238 2123
3239 2123
3240 2132
3241 2107
3242 2124
3243 2123
3244 2111
3245 2139
3246 2133
3247 2125
3248 2121
3249 2137
3250 2135
3251 2133
3252 2133
3253 2137
3254 2135
3255 2135
3256 2137
3257 2133
3258 2145
3259 2141
3260 2146
3261 2141
3262 2137
3263 2131
3264 2139
3265 2151
3266 2143
3267 2145
3268 2139
3269 2143
3270 2143
3271 2153
3272 2151
3273 2155
3274 2149
3275 2163
3276 2151
3277 2153
3278 2153
3279 2161
3280 2157
3281 2153
3282 2149
3283 2163
3284 2153
3285 2150
3286 2163
3287 2163
3288 2169
3289 2166
3290 2157
3291 2171
3292 2165
3293 2173
3294 2173
3295 2161
3296 2157
3297 2175
3298 2177
3299 2176
3300 2184
3301 2171
3302 2171
3303 2174
3304 2179
3305 2185
3306 2175
3307 2179
3308 2189
3309 2177
3310 2175
3311 2187
3312 2187
3313 2181
3314 2177
3315 2179
3316 2181
3317 2195
3318 2185
3319 2179
3320 2197
3321 2187
3322 2201
3323 2195
3324 2189
3325 2180
3326 2187
3327 2189
3328 2199
3329 2197
3330 2195
3331 2203
3332 2189
3333 2203
3334 2205
3335 2197
3336 2203
3337 2203
3338 2219
3339 2191
3340 2201
3341 2211
3342 2209
3343 2211
3344 2211
3345 2199
3346 2209
3347 2213
3348 2199
3349 2209
3350 2223
3351 2219
3352 2221
3353 2219
3354 2229
3355 2217
3356 2229
3357 2225
3358 2225
3359 2219
3360 2221
3361 2224
3362 2216
3363 2227
3364 2231
3365 2229
3366 2235
3367 2227
3368 2231
3369 2241
3370 2231
3371 2217
3372 2231
3373 2248
3374 2239
3375 2231
3376 2243
3377 2226
3378 2237
3379 2227
3380 2239
3381 2255
3382 2245
3383 2257
3384 2241
3385 2249
3386 2241
3387 2247
3388 2247
3389 2249
3390 2247
3391 2251
3392 2240
3393 2243
3394 2271
3395 2250
3396 2259
3397 2247
3398 2255
3399 2251
3400 2261
3401 2273
3402 2247
3403 2263
3404 2261
3405 2263
3406 2257
3407 2265
3408 2261
3409 2265
3410 2271
3411 2263
3412 2265
3413 2279
3414 2271
3415 2281
3416 2267
3417 2275
3418 2263
3419 2269
3420 2275
3421 2271
3422 2277
3423 2275
3424 2287
3425 2285
3426 2279
3427 2283
3428 2291
3429 2280
3430 2279
3431 2289
3432 2283
3433 2297
3434 2289
3435 2297
3436 2301
3437 2291
3438 2280
3439 2291
3440 2299
3441 2299
3442 2287
3443 2298
3444 2317
3445 2309
3446 2309
3447 2304
3448 2305
3449 2299
3450 2307
3451 2315
3452 2303
3453 2305
3454 2311
3455 2311
3456 2317
3457 2313
3458 2313
3459 2309
3460 2315
3461 2319
3462 2307
3463 2313
3464 2304
3465 2319
3466 2327
3467 2301
3468 2307
3469 2327
3470 2315
3471 2327
3472 2311
3473 2325
3474 2319
3475 2343
3476 2325
3477 2323
3478 2329
3479 2339
3480 2321
3481 2319
3482 2339
3483 2323
3484 2347
3485 2333
3486 2331
3487 2335
3488 2342
3489 2337
3490 2329
3491 2349
3492 2349
3493 2343
3494 2353
3495 2349
3496 2345
3497 2357
3498 2349
3499 2353
3500 2351
3501 2365
3502 2359
3503 2359
3504 2359
3505 2341
3506 2349
3507 2357
3508 2359
3509 2358
3510 2357
3511 2345
3512 2361
3513 2377
3514 2357
3515 2377
3516 2367
3517 2377
3518 2381
3519 2379
3520 2383
3521 2373
3522 2381
3523 2377
3524 2373
3525 2371
3526 2384
3527 2381
3528 2377
3529 2379
3530 2385
3531 2385
3532 2397
3533 2389
3534 2393
3535 2399
3536 2385
3537 2377
3538 2403
3539 2387
3540 2393
3541 2397
3542 2407
3543 2405
3544 2405
3545 2395
3546 2401
3547 2401
3548 2391
3549 2421
3550 2407
3551 2411
3552 2407
3553 2399
3554 2415
3555 2429
3556 2413
3557 2401
3558 2423
3559 2405
3560 2429
3561 2421
3562 2421
3563 2433
3564 2417
3565 2415
3566 2429
3567 2421
3568 2425
3569 2425
3570 2433
3571 2427
3572 2427
3573 2437
3574 2431
3575 2423
3576 2439
3577 2433
3578 2431
3579 2435
3580 2431
3581 2435
3582 2433
3583 2447
3584 2445
3585 2435
3586 2431
3587 2431
3588 2445
3589 2455
3590 2451
3591 2453
3592 2457
3593 2451
3594 2455
3595 2453
3596 2451
3597 2453
3598 2445
3599 2459
3600 2459
3601 2451
3602 2447
3603 2455
3604 2473
3605 2469
3606 2455
3607 2479
3608 2465
3609 2475
3610 2477
3611 2473
3612 2465
3613 2483
3614 2480
3615 2459
3616 2483
3617 2487
3618 2473
3619 2475
3620 2479
3621 2490
3622 2491
3623 2479
3624 2495
3625 2483
3626 2483
3627 2477
3628 2493
3629 2485
3630 2495
3631 2491
3632 2495
3633 2495
3634 2495
3635 2497
3636 2489
3637 2491
3638 2497
3639 2505
3640 2497
3641 2493
3642 2509
3643 2505
3644 2499
3645 2505
3646 2495
3647 2505
3648 2505
3649 2501
3650 2511
3651 2507
3652 2509
3653 2519
3654 2507
3655 2521
3656 2513
3657 2521
3658 2517
3659 2525
3660 2517
3661 2515
3662 2535
3663 2521
3664 2517
3665 2519
3666 2523
3667 2533
3668 2535
3669 2535
3670 2535
3671 2541
3672 2553
3673 2543
3674 2527
3675 2537
3676 2533
3677 2529
3678 2535
3679 2539
3680 2527
3681 2535
3682 2547
3683 2547
3684 2551
3685 2553
3686 3133
3687 4095
3688 4095
3689 4095
3690 4095
3691 4095
3692 4095
3693 4095
3694 4095
