#Data from the TCD1304 linear CCD
#column 1 = pixelnumber , column 2 = pixelvalue
#Pixel 1-32 and 3679-3694 and are dummy pixels
#SH-period: 200    ICG-period: 100000    Integration time: 100.0 us
1 1718
2 7
3 9
4 1
5 1
6 1
7 1
8 1
9 1
10 1
11 1
12 1
13 1
14 1
15 1
16 1
17 1
18 1
19 1
20 1
21 1
22 1
23 1
24 1
25 1
26 1
27 1
28 1
29 1
30 1
31 1
32 261
33 631
34 651
35 643
36 643
37 647
38 645
39 639
40 647
41 643
42 651
43 643
44 649
45 649
46 637
47 641
48 639
49 643
50 647
51 641
52 635
53 641
54 637
55 643
56 649
57 635
58 645
59 637
60 631
61 645
62 637
63 651
64 635
65 629
66 641
67 631
68 641
69 633
70 647
71 639
72 637
73 635
74 639
75 633
76 639
77 626
78 629
79 631
80 639
81 633
82 627
83 635
84 627
85 627
86 625
87 629
88 621
89 623
90 629
91 619
92 619
93 627
94 631
95 617
96 619
97 625
98 621
99 615
100 623
101 619
102 627
103 615
104 619
105 609
106 619
107 611
108 611
109 617
110 619
111 613
112 621
113 607
114 619
115 617
116 615
117 597
118 607
119 603
120 615
121 607
122 607
123 607
124 611
125 611
126 609
127 603
128 603
129 597
130 603
131 597
132 601
133 595
134 601
135 601
136 599
137 597
138 601
139 587
140 597
141 591
142 603
143 593
144 597
145 585
146 593
147 589
148 579
149 589
150 587
151 589
152 583
153 581
154 581
155 579
156 583
157 579
158 581
159 581
160 587
161 585
162 593
163 583
164 585
165 581
166 579
167 577
168 577
169 579
170 579
171 569
172 573
173 587
174 577
175 585
176 581
177 567
178 575
179 577
180 573
181 569
182 571
183 567
184 569
185 569
186 557
187 569
188 563
189 565
190 557
191 571
192 563
193 555
194 555
195 559
196 555
197 565
198 555
199 559
200 557
201 555
202 551
203 555
204 555
205 555
206 549
207 557
208 555
209 549
210 551
211 553
212 551
213 555
214 541
215 553
216 551
217 551
218 543
219 543
220 547
221 543
222 539
223 549
224 551
225 539
226 543
227 537
228 545
229 543
230 539
231 535
232 539
233 541
234 535
235 541
236 531
237 533
238 531
239 531
240 529
241 533
242 531
243 535
244 529
245 533
246 523
247 531
248 521
249 527
250 523
251 519
252 521
253 519
254 529
255 519
256 513
257 517
258 513
259 513
260 515
261 517
262 513
263 505
264 505
265 511
266 505
267 513
268 505
269 509
270 497
271 511
272 501
273 503
274 495
275 507
276 503
277 499
278 497
279 509
280 501
281 503
282 499
283 505
284 505
285 493
286 497
287 503
288 499
289 501
290 497
291 499
292 499
293 493
294 497
295 495
296 503
297 505
298 497
299 495
300 491
301 493
302 499
303 485
304 497
305 497
306 499
307 499
308 491
309 485
310 487
311 483
312 485
313 487
314 487
315 483
316 479
317 485
318 483
319 487
320 487
321 483
322 481
323 473
324 471
325 479
326 485
327 471
328 477
329 471
330 477
331 475
332 479
333 469
334 467
335 473
336 465
337 471
338 471
339 471
340 469
341 467
342 461
343 459
344 459
345 461
346 459
347 463
348 457
349 461
350 463
351 455
352 463
353 453
354 455
355 451
356 453
357 455
358 453
359 451
360 457
361 453
362 453
363 455
364 457
365 455
366 445
367 453
368 463
369 447
370 451
371 449
372 455
373 449
374 447
375 449
376 447
377 445
378 447
379 441
380 443
381 443
382 443
383 449
384 445
385 445
386 433
387 439
388 443
389 435
390 439
391 441
392 435
393 435
394 431
395 437
396 429
397 431
398 427
399 427
400 427
401 433
402 431
403 431
404 435
405 427
406 429
407 417
408 429
409 425
410 421
411 419
412 423
413 421
414 427
415 421
416 427
417 417
418 425
419 421
420 421
421 421
422 417
423 415
424 421
425 419
426 423
427 415
428 417
429 419
430 419
431 411
432 421
433 413
434 411
435 413
436 411
437 407
438 411
439 409
440 407
441 407
442 407
443 409
444 411
445 409
446 407
447 407
448 399
449 403
450 405
451 403
452 407
453 399
454 399
455 403
456 403
457 401
458 395
459 405
460 399
461 397
462 395
463 395
464 401
465 401
466 399
467 403
468 397
469 397
470 401
471 395
472 397
473 397
474 401
475 401
476 401
477 397
478 397
479 395
480 399
481 391
482 389
483 393
484 397
485 389
486 387
487 393
488 387
489 385
490 391
491 385
492 385
493 387
494 383
495 377
496 387
497 377
498 377
499 379
500 377
501 375
502 383
503 377
504 383
505 383
506 379
507 377
508 381
509 379
510 379
511 383
512 381
513 377
514 373
515 377
516 381
517 383
518 377
519 381
520 377
521 379
522 375
523 381
524 387
525 379
526 379
527 375
528 381
529 375
530 375
531 377
532 373
533 381
534 375
535 385
536 383
537 379
538 375
539 383
540 383
541 383
542 379
543 377
544 379
545 377
546 373
547 379
548 379
549 373
550 371
551 369
552 375
553 371
554 375
555 379
556 373
557 371
558 371
559 367
560 369
561 369
562 373
563 373
564 365
565 371
566 373
567 363
568 367
569 373
570 369
571 377
572 365
573 371
574 373
575 357
576 367
577 371
578 365
579 363
580 373
581 367
582 365
583 363
584 365
585 367
586 367
587 355
588 367
589 361
590 363
591 361
592 363
593 373
594 363
595 363
596 371
597 373
598 369
599 359
600 365
601 361
602 363
603 359
604 353
605 361
606 367
607 365
608 365
609 363
610 359
611 361
612 361
613 357
614 363
615 359
616 359
617 359
618 355
619 361
620 359
621 357
622 363
623 361
624 359
625 355
626 357
627 359
628 357
629 361
630 361
631 361
632 353
633 349
634 355
635 357
636 347
637 361
638 363
639 355
640 357
641 351
642 353
643 355
644 357
645 353
646 365
647 351
648 355
649 351
650 351
651 353
652 361
653 355
654 359
655 355
656 349
657 361
658 361
659 349
660 351
661 353
662 351
663 355
664 351
665 349
666 349
667 355
668 359
669 349
670 357
671 347
672 359
673 349
674 353
675 349
676 355
677 347
678 347
679 349
680 351
681 349
682 355
683 351
684 353
685 343
686 349
687 349
688 349
689 355
690 351
691 351
692 351
693 349
694 351
695 349
696 355
697 349
698 349
699 351
700 351
701 339
702 349
703 343
704 355
705 345
706 345
707 345
708 347
709 349
710 347
711 353
712 351
713 351
714 347
715 349
716 355
717 347
718 347
719 349
720 337
721 347
722 347
723 351
724 351
725 343
726 343
727 347
728 349
729 345
730 351
731 347
732 345
733 349
734 345
735 353
736 347
737 341
738 351
739 347
740 351
741 343
742 347
743 349
744 355
745 349
746 349
747 351
748 353
749 357
750 353
751 347
752 353
753 349
754 351
755 351
756 349
757 347
758 341
759 349
760 349
761 345
762 353
763 349
764 345
765 349
766 351
767 349
768 353
769 345
770 345
771 347
772 351
773 343
774 347
775 351
776 351
777 345
778 347
779 349
780 349
781 349
782 339
783 343
784 349
785 345
786 343
787 339
788 353
789 347
790 341
791 343
792 345
793 345
794 347
795 347
796 347
797 343
798 347
799 339
800 347
801 349
802 345
803 337
804 349
805 349
806 351
807 347
808 351
809 349
810 353
811 343
812 343
813 349
814 343
815 345
816 347
817 347
818 343
819 349
820 347
821 347
822 345
823 343
824 349
825 343
826 347
827 345
828 353
829 351
830 347
831 347
832 349
833 339
834 351
835 341
836 347
837 345
838 345
839 345
840 347
841 345
842 343
843 349
844 347
845 341
846 347
847 349
848 341
849 347
850 347
851 341
852 347
853 341
854 349
855 347
856 343
857 343
858 345
859 341
860 347
861 343
862 345
863 349
864 345
865 337
866 337
867 347
868 343
869 339
870 347
871 349
872 341
873 339
874 347
875 341
876 341
877 343
878 347
879 351
880 351
881 337
882 347
883 349
884 345
885 347
886 349
887 337
888 345
889 339
890 351
891 339
892 347
893 339
894 345
895 345
896 343
897 345
898 343
899 357
900 345
901 345
902 351
903 343
904 351
905 333
906 353
907 343
908 343
909 345
910 341
911 349
912 349
913 351
914 343
915 347
916 349
917 347
918 347
919 353
920 347
921 349
922 339
923 343
924 347
925 343
926 347
927 349
928 349
929 347
930 353
931 347
932 349
933 347
934 349
935 349
936 351
937 347
938 351
939 351
940 351
941 347
942 351
943 349
944 345
945 343
946 359
947 347
948 351
949 343
950 343
951 349
952 355
953 351
954 345
955 355
956 351
957 351
958 357
959 347
960 351
961 347
962 351
963 355
964 349
965 347
966 347
967 353
968 353
969 359
970 357
971 353
972 357
973 355
974 349
975 355
976 351
977 357
978 353
979 345
980 349
981 349
982 355
983 351
984 353
985 351
986 353
987 357
988 355
989 355
990 351
991 351
992 351
993 357
994 355
995 353
996 353
997 355
998 355
999 349
1000 359
1001 349
1002 353
1003 359
1004 359
1005 347
1006 365
1007 359
1008 359
1009 349
1010 357
1011 353
1012 361
1013 361
1014 357
1015 355
1016 357
1017 349
1018 355
1019 357
1020 363
1021 355
1022 365
1023 359
1024 357
1025 357
1026 353
1027 363
1028 365
1029 363
1030 361
1031 357
1032 361
1033 359
1034 359
1035 349
1036 359
1037 359
1038 363
1039 359
1040 365
1041 363
1042 363
1043 363
1044 365
1045 361
1046 363
1047 365
1048 357
1049 363
1050 361
1051 361
1052 367
1053 363
1054 363
1055 365
1056 363
1057 367
1058 363
1059 367
1060 359
1061 359
1062 375
1063 371
1064 367
1065 369
1066 361
1067 367
1068 367
1069 367
1070 369
1071 367
1072 367
1073 367
1074 365
1075 367
1076 367
1077 379
1078 369
1079 367
1080 365
1081 369
1082 367
1083 369
1084 361
1085 371
1086 367
1087 371
1088 369
1089 371
1090 367
1091 375
1092 371
1093 369
1094 375
1095 369
1096 375
1097 365
1098 367
1099 373
1100 373
1101 359
1102 375
1103 375
1104 379
1105 367
1106 375
1107 373
1108 375
1109 377
1110 375
1111 371
1112 371
1113 373
1114 371
1115 377
1116 373
1117 373
1118 375
1119 375
1120 381
1121 373
1122 371
1123 371
1124 377
1125 375
1126 377
1127 367
1128 379
1129 369
1130 381
1131 373
1132 375
1133 381
1134 379
1135 377
1136 379
1137 377
1138 373
1139 375
1140 379
1141 383
1142 375
1143 379
1144 375
1145 383
1146 381
1147 379
1148 377
1149 379
1150 377
1151 379
1152 385
1153 383
1154 385
1155 377
1156 381
1157 381
1158 385
1159 393
1160 387
1161 383
1162 381
1163 385
1164 393
1165 385
1166 385
1167 387
1168 385
1169 381
1170 389
1171 389
1172 397
1173 393
1174 399
1175 385
1176 391
1177 387
1178 389
1179 391
1180 381
1181 395
1182 397
1183 385
1184 385
1185 397
1186 389
1187 387
1188 393
1189 387
1190 397
1191 401
1192 403
1193 391
1194 393
1195 399
1196 395
1197 401
1198 399
1199 397
1200 401
1201 395
1202 397
1203 397
1204 389
1205 393
1206 401
1207 409
1208 403
1209 405
1210 401
1211 395
1212 403
1213 401
1214 403
1215 401
1216 401
1217 397
1218 395
1219 405
1220 405
1221 401
1222 405
1223 399
1224 409
1225 407
1226 405
1227 401
1228 411
1229 407
1230 401
1231 407
1232 403
1233 409
1234 407
1235 409
1236 405
1237 409
1238 411
1239 407
1240 409
1241 411
1242 409
1243 407
1244 415
1245 415
1246 409
1247 409
1248 417
1249 415
1250 417
1251 415
1252 417
1253 411
1254 419
1255 419
1256 417
1257 421
1258 417
1259 429
1260 425
1261 419
1262 417
1263 417
1264 429
1265 423
1266 423
1267 427
1268 427
1269 429
1270 427
1271 435
1272 433
1273 427
1274 437
1275 441
1276 433
1277 437
1278 435
1279 431
1280 445
1281 435
1282 437
1283 443
1284 445
1285 445
1286 451
1287 451
1288 445
1289 447
1290 457
1291 453
1292 455
1293 461
1294 461
1295 467
1296 467
1297 473
1298 473
1299 471
1300 479
1301 483
1302 479
1303 485
1304 485
1305 495
1306 499
1307 487
1308 499
1309 493
1310 507
1311 503
1312 511
1313 515
1314 521
1315 519
1316 525
1317 531
1318 533
1319 529
1320 533
1321 537
1322 549
1323 543
1324 553
1325 557
1326 555
1327 563
1328 567
1329 571
1330 577
1331 573
1332 571
1333 569
1334 583
1335 583
1336 589
1337 593
1338 601
1339 597
1340 619
1341 607
1342 617
1343 619
1344 615
1345 623
1346 623
1347 635
1348 639
1349 641
1350 649
1351 649
1352 659
1353 655
1354 657
1355 653
1356 667
1357 675
1358 675
1359 673
1360 677
1361 683
1362 679
1363 691
1364 689
1365 693
1366 683
1367 693
1368 697
1369 691
1370 695
1371 705
1372 703
1373 709
1374 711
1375 709
1376 719
1377 719
1378 723
1379 719
1380 735
1381 727
1382 745
1383 735
1384 735
1385 729
1386 739
1387 735
1388 751
1389 741
1390 751
1391 751
1392 761
1393 763
1394 759
1395 769
1396 763
1397 771
1398 767
1399 777
1400 789
1401 771
1402 787
1403 785
1404 791
1405 791
1406 805
1407 801
1408 807
1409 801
1410 803
1411 815
1412 813
1413 807
1414 813
1415 817
1416 823
1417 813
1418 821
1419 829
1420 827
1421 837
1422 841
1423 831
1424 835
1425 839
1426 839
1427 841
1428 853
1429 845
1430 847
1431 843
1432 849
1433 843
1434 847
1435 855
1436 851
1437 861
1438 859
1439 853
1440 853
1441 867
1442 873
1443 879
1444 875
1445 879
1446 885
1447 891
1448 895
1449 903
1450 915
1451 911
1452 909
1453 925
1454 925
1455 915
1456 917
1457 921
1458 929
1459 927
1460 935
1461 939
1462 925
1463 947
1464 949
1465 941
1466 945
1467 957
1468 959
1469 975
1470 973
1471 973
1472 991
1473 975
1474 983
1475 987
1476 989
1477 997
1478 1005
1479 999
1480 1009
1481 1025
1482 1015
1483 1033
1484 1047
1485 1053
1486 1039
1487 1051
1488 1065
1489 1075
1490 1071
1491 1093
1492 1083
1493 1093
1494 1111
1495 1117
1496 1127
1497 1133
1498 1127
1499 1155
1500 1155
1501 1161
1502 1185
1503 1199
1504 1199
1505 1211
1506 1219
1507 1229
1508 1235
1509 1243
1510 1253
1511 1259
1512 1277
1513 1291
1514 1301
1515 1307
1516 1307
1517 1329
1518 1343
1519 1355
1520 1365
1521 1367
1522 1383
1523 1407
1524 1409
1525 1417
1526 1439
1527 1439
1528 1467
1529 1463
1530 1487
1531 1501
1532 1491
1533 1507
1534 1523
1535 1533
1536 1547
1537 1549
1538 1575
1539 1561
1540 1583
1541 1591
1542 1606
1543 1629
1544 1635
1545 1635
1546 1643
1547 1653
1548 1641
1549 1669
1550 1666
1551 1683
1552 1715
1553 1709
1554 1743
1555 1753
1556 1753
1557 1785
1558 1777
1559 1766
1560 1789
1561 1799
1562 1795
1563 1793
1564 1807
1565 1829
1566 1851
1567 1859
1568 1863
1569 1895
1570 1887
1571 1897
1572 1901
1573 1909
1574 1932
1575 1931
1576 1925
1577 1955
1578 1959
1579 1959
1580 1990
1581 1995
1582 2003
1583 2015
1584 2021
1585 2027
1586 2041
1587 2048
1588 2063
1589 2061
1590 2069
1591 2077
1592 2085
1593 2095
1594 2096
1595 2101
1596 2115
1597 2125
1598 2145
1599 2137
1600 2149
1601 2147
1602 2163
1603 2165
1604 2161
1605 2165
1606 2177
1607 2185
1608 2191
1609 2191
1610 2211
1611 2209
1612 2212
1613 2213
1614 2219
1615 2225
1616 2225
1617 2229
1618 2235
1619 2241
1620 2246
1621 2246
1622 2259
1623 2261
1624 2265
1625 2271
1626 2275
1627 2280
1628 2279
1629 2285
1630 2283
1631 2283
1632 2281
1633 2276
1634 2283
1635 2285
1636 2287
1637 2292
1638 2293
1639 2299
1640 2301
1641 2305
1642 2305
1643 2311
1644 2313
1645 2317
1646 2317
1647 2323
1648 2322
1649 2329
1650 2327
1651 2329
1652 2329
1653 2335
1654 2333
1655 2337
1656 2335
1657 2339
1658 2338
1659 2343
1660 2342
1661 2337
1662 2343
1663 2345
1664 2344
1665 2348
1666 2347
1667 2349
1668 2349
1669 2353
1670 2351
1671 2353
1672 2353
1673 2355
1674 2353
1675 2356
1676 2349
1677 2357
1678 2357
1679 2361
1680 2359
1681 2363
1682 2361
1683 2365
1684 2363
1685 2365
1686 2361
1687 2365
1688 2365
1689 2365
1690 2365
1691 2371
1692 2367
1693 2369
1694 2367
1695 2371
1696 2367
1697 2373
1698 2367
1699 2371
1700 2371
1701 2373
1702 2372
1703 2375
1704 2373
1705 2376
1706 2374
1707 2377
1708 2375
1709 2373
1710 2377
1711 2377
1712 2375
1713 2379
1714 2378
1715 2377
1716 2377
1717 2379
1718 2379
1719 2379
1720 2379
1721 2381
1722 2379
1723 2383
1724 2381
1725 2382
1726 2381
1727 2383
1728 2381
1729 2385
1730 2383
1731 2386
1732 2383
1733 2387
1734 2383
1735 2387
1736 2385
1737 2387
1738 2385
1739 2387
1740 2385
1741 2387
1742 2385
1743 2389
1744 2387
1745 2387
1746 2389
1747 2389
1748 2389
1749 2389
1750 2389
1751 2391
1752 2388
1753 2393
1754 2391
1755 2391
1756 2391
1757 2394
1758 2391
1759 2391
1760 2391
1761 2393
1762 2389
1763 2395
1764 2393
1765 2391
1766 2394
1767 2395
1768 2393
1769 2395
1770 2394
1771 2395
1772 2395
1773 2397
1774 2397
1775 2395
1776 2391
1777 2398
1778 2393
1779 2398
1780 2395
1781 2399
1782 2395
1783 2399
1784 2399
1785 2397
1786 2397
1787 2400
1788 2399
1789 2399
1790 2398
1791 2403
1792 2399
1793 2399
1794 2399
1795 2403
1796 2399
1797 2400
1798 2399
1799 2403
1800 2399
1801 2401
1802 2403
1803 2401
1804 2400
1805 2403
1806 2403
1807 2403
1808 2402
1809 2403
1810 2401
1811 2403
1812 2401
1813 2403
1814 2401
1815 2405
1816 2401
1817 2403
1818 2403
1819 2407
1820 2403
1821 2405
1822 2405
1823 2405
1824 2403
1825 2405
1826 2403
1827 2407
1828 2405
1829 2403
1830 2403
1831 2405
1832 2403
1833 2407
1834 2413
1835 2405
1836 2405
1837 2407
1838 2405
1839 2406
1840 2407
1841 2407
1842 2405
1843 2409
1844 2407
1845 2407
1846 2407
1847 2409
1848 2407
1849 2407
1850 2407
1851 2407
1852 2405
1853 2408
1854 2407
1855 2409
1856 2405
1857 2409
1858 2408
1859 2407
1860 2408
1861 2407
1862 2407
1863 2409
1864 2409
1865 2411
1866 2407
1867 2411
1868 2409
1869 2409
1870 2409
1871 2412
1872 2409
1873 2409
1874 2409
1875 2411
1876 2410
1877 2411
1878 2410
1879 2411
1880 2411
1881 2413
1882 2409
1883 2411
1884 2411
1885 2413
1886 2409
1887 2413
1888 2411
1889 2413
1890 2411
1891 2413
1892 2410
1893 2412
1894 2412
1895 2413
1896 2411
1897 2413
1898 2412
1899 2413
1900 2411
1901 2413
1902 2412
1903 2412
1904 2411
1905 2414
1906 2412
1907 2413
1908 2413
1909 2415
1910 2413
1911 2415
1912 2413
1913 2414
1914 2413
1915 2415
1916 2413
1917 2415
1918 2415
1919 2415
1920 2415
1921 2416
1922 2415
1923 2414
1924 2415
1925 2416
1926 2415
1927 2415
1928 2415
1929 2417
1930 2415
1931 2417
1932 2415
1933 2418
1934 2411
1935 2417
1936 2415
1937 2415
1938 2416
1939 2417
1940 2415
1941 2417
1942 2416
1943 2419
1944 2415
1945 2417
1946 2417
1947 2418
1948 2415
1949 2415
1950 2416
1951 2416
1952 2417
1953 2418
1954 2415
1955 2417
1956 2417
1957 2419
1958 2417
1959 2419
1960 2417
1961 2417
1962 2417
1963 2419
1964 2419
1965 2417
1966 2418
1967 2419
1968 2417
1969 2419
1970 2419
1971 2419
1972 2417
1973 2419
1974 2417
1975 2419
1976 2419
1977 2421
1978 2419
1979 2420
1980 2419
1981 2421
1982 2419
1983 2419
1984 2420
1985 2421
1986 2419
1987 2420
1988 2419
1989 2421
1990 2418
1991 2422
1992 2419
1993 2419
1994 2419
1995 2421
1996 2419
1997 2422
1998 2421
1999 2422
2000 2419
2001 2421
2002 2421
2003 2423
2004 2421
2005 2423
2006 2421
2007 2421
2008 2421
2009 2423
2010 2421
2011 2421
2012 2421
2013 2423
2014 2421
2015 2423
2016 2421
2017 2423
2018 2421
2019 2423
2020 2421
2021 2423
2022 2423
2023 2421
2024 2423
2025 2423
2026 2421
2027 2423
2028 2422
2029 2421
2030 2423
2031 2423
2032 2421
2033 2423
2034 2422
2035 2423
2036 2421
2037 2423
2038 2423
2039 2423
2040 2423
2041 2423
2042 2423
2043 2423
2044 2423
2045 2425
2046 2423
2047 2425
2048 2422
2049 2424
2050 2422
2051 2425
2052 2423
2053 2423
2054 2424
2055 2425
2056 2423
2057 2424
2058 2423
2059 2425
2060 2423
2061 2424
2062 2423
2063 2426
2064 2423
2065 2425
2066 2424
2067 2425
2068 2425
2069 2425
2070 2425
2071 2425
2072 2425
2073 2425
2074 2426
2075 2425
2076 2425
2077 2426
2078 2423
2079 2427
2080 2425
2081 2427
2082 2425
2083 2427
2084 2424
2085 2427
2086 2425
2087 2427
2088 2425
2089 2428
2090 2427
2091 2428
2092 2425
2093 2427
2094 2426
2095 2427
2096 2425
2097 2428
2098 2424
2099 2427
2100 2425
2101 2427
2102 2427
2103 2427
2104 2425
2105 2427
2106 2427
2107 2427
2108 2426
2109 2427
2110 2427
2111 2427
2112 2427
2113 2429
2114 2425
2115 2428
2116 2427
2117 2429
2118 2425
2119 2429
2120 2427
2121 2425
2122 2428
2123 2428
2124 2427
2125 2427
2126 2427
2127 2429
2128 2427
2129 2427
2130 2427
2131 2429
2132 2429
2133 2429
2134 2429
2135 2430
2136 2428
2137 2429
2138 2427
2139 2427
2140 2425
2141 2429
2142 2427
2143 2429
2144 2425
2145 2429
2146 2427
2147 2429
2148 2426
2149 2429
2150 2429
2151 2427
2152 2429
2153 2429
2154 2428
2155 2428
2156 2429
2157 2429
2158 2429
2159 2427
2160 2429
2161 2429
2162 2427
2163 2429
2164 2429
2165 2431
2166 2427
2167 2429
2168 2429
2169 2430
2170 2427
2171 2429
2172 2431
2173 2431
2174 2429
2175 2431
2176 2429
2177 2429
2178 2429
2179 2431
2180 2429
2181 2429
2182 2429
2183 2431
2184 2430
2185 2430
2186 2430
2187 2431
2188 2427
2189 2431
2190 2430
2191 2431
2192 2429
2193 2431
2194 2431
2195 2429
2196 2431
2197 2432
2198 2431
2199 2431
2200 2430
2201 2432
2202 2431
2203 2429
2204 2431
2205 2432
2206 2429
2207 2431
2208 2431
2209 2433
2210 2431
2211 2431
2212 2431
2213 2432
2214 2429
2215 2432
2216 2431
2217 2432
2218 2431
2219 2431
2220 2431
2221 2432
2222 2431
2223 2431
2224 2431
2225 2431
2226 2431
2227 2431
2228 2431
2229 2432
2230 2432
2231 2429
2232 2431
2233 2433
2234 2431
2235 2434
2236 2431
2237 2433
2238 2432
2239 2434
2240 2431
2241 2433
2242 2433
2243 2431
2244 2431
2245 2433
2246 2431
2247 2433
2248 2433
2249 2433
2250 2432
2251 2431
2252 2432
2253 2433
2254 2433
2255 2433
2256 2435
2257 2435
2258 2431
2259 2434
2260 2434
2261 2433
2262 2432
2263 2435
2264 2434
2265 2434
2266 2433
2267 2434
2268 2433
2269 2433
2270 2433
2271 2435
2272 2431
2273 2433
2274 2433
2275 2433
2276 2431
2277 2432
2278 2433
2279 2429
2280 2432
2281 2411
2282 2433
2283 2381
2284 2432
2285 2373
2286 2433
2287 2369
2288 2432
2289 2367
2290 2433
2291 2367
2292 2431
2293 2365
2294 2411
2295 2365
2296 2381
2297 2367
2298 2369
2299 2365
2300 2365
2301 2365
2302 2367
2303 2363
2304 2363
2305 2363
2306 2363
2307 2363
2308 2363
2309 2361
2310 2361
2311 2359
2312 2361
2313 2359
2314 2359
2315 2357
2316 2359
2317 2357
2318 2355
2319 2357
2320 2356
2321 2355
2322 2355
2323 2353
2324 2357
2325 2353
2326 2353
2327 2357
2328 2355
2329 2353
2330 2355
2331 2355
2332 2353
2333 2355
2334 2353
2335 2355
2336 2352
2337 2355
2338 2351
2339 2353
2340 2351
2341 2355
2342 2351
2343 2353
2344 2349
2345 2353
2346 2352
2347 2352
2348 2350
2349 2353
2350 2351
2351 2351
2352 2351
2353 2351
2354 2351
2355 2347
2356 2349
2357 2348
2358 2349
2359 2345
2360 2349
2361 2347
2362 2349
2363 2345
2364 2347
2365 2347
2366 2347
2367 2344
2368 2345
2369 2342
2370 2344
2371 2341
2372 2343
2373 2343
2374 2343
2375 2341
2376 2341
2377 2341
2378 2337
2379 2341
2380 2341
2381 2337
2382 2339
2383 2343
2384 2341
2385 2337
2386 2338
2387 2339
2388 2339
2389 2337
2390 2339
2391 2337
2392 2337
2393 2337
2394 2339
2395 2337
2396 2336
2397 2336
2398 2335
2399 2335
2400 2334
2401 2333
2402 2335
2403 2333
2404 2335
2405 2333
2406 2334
2407 2335
2408 2335
2409 2335
2410 2333
2411 2333
2412 2333
2413 2333
2414 2333
2415 2331
2416 2335
2417 2333
2418 2331
2419 2331
2420 2331
2421 2329
2422 2331
2423 2326
2424 2330
2425 2327
2426 2329
2427 2327
2428 2327
2429 2325
2430 2327
2431 2325
2432 2327
2433 2323
2434 2327
2435 2325
2436 2327
2437 2321
2438 2326
2439 2323
2440 2325
2441 2323
2442 2325
2443 2323
2444 2323
2445 2322
2446 2324
2447 2324
2448 2323
2449 2321
2450 2325
2451 2319
2452 2323
2453 2319
2454 2321
2455 2319
2456 2321
2457 2321
2458 2319
2459 2319
2460 2318
2461 2317
2462 2319
2463 2317
2464 2317
2465 2317
2466 2317
2467 2318
2468 2319
2469 2319
2470 2316
2471 2317
2472 2321
2473 2316
2474 2315
2475 2317
2476 2317
2477 2317
2478 2315
2479 2315
2480 2315
2481 2315
2482 2311
2483 2315
2484 2311
2485 2313
2486 2309
2487 2315
2488 2307
2489 2311
2490 2307
2491 2311
2492 2307
2493 2311
2494 2309
2495 2310
2496 2305
2497 2310
2498 2305
2499 2309
2500 2305
2501 2306
2502 2305
2503 2305
2504 2305
2505 2303
2506 2305
2507 2303
2508 2299
2509 2301
2510 2305
2511 2301
2512 2306
2513 2303
2514 2305
2515 2301
2516 2305
2517 2301
2518 2303
2519 2303
2520 2305
2521 2305
2522 2305
2523 2301
2524 2301
2525 2295
2526 2301
2527 2299
2528 2301
2529 2297
2530 2301
2531 2295
2532 2301
2533 2293
2534 2301
2535 2295
2536 2297
2537 2291
2538 2297
2539 2295
2540 2296
2541 2297
2542 2291
2543 2297
2544 2295
2545 2297
2546 2296
2547 2297
2548 2295
2549 2296
2550 2295
2551 2289
2552 2295
2553 2295
2554 2293
2555 2294
2556 2293
2557 2295
2558 2291
2559 2293
2560 2291
2561 2293
2562 2285
2563 2291
2564 2289
2565 2293
2566 2287
2567 2287
2568 2287
2569 2285
2570 2285
2571 2285
2572 2288
2573 2281
2574 2287
2575 2286
2576 2285
2577 2287
2578 2284
2579 2287
2580 2283
2581 2285
2582 2283
2583 2285
2584 2281
2585 2283
2586 2281
2587 2282
2588 2280
2589 2280
2590 2277
2591 2275
2592 2277
2593 2277
2594 2280
2595 2277
2596 2279
2597 2281
2598 2277
2599 2277
2600 2279
2601 2277
2602 2279
2603 2278
2604 2277
2605 2279
2606 2281
2607 2277
2608 2273
2609 2275
2610 2273
2611 2275
2612 2271
2613 2279
2614 2273
2615 2281
2616 2274
2617 2277
2618 2273
2619 2275
2620 2274
2621 2273
2622 2272
2623 2271
2624 2268
2625 2271
2626 2267
2627 2272
2628 2265
2629 2271
2630 2267
2631 2275
2632 2269
2633 2273
2634 2269
2635 2271
2636 2264
2637 2271
2638 2265
2639 2269
2640 2263
2641 2270
2642 2265
2643 2265
2644 2263
2645 2263
2646 2261
2647 2261
2648 2263
2649 2265
2650 2264
2651 2261
2652 2267
2653 2263
2654 2265
2655 2260
2656 2261
2657 2251
2658 2255
2659 2247
2660 2249
2661 2245
2662 2247
2663 2251
2664 2252
2665 2254
2666 2250
2667 2255
2668 2251
2669 2249
2670 2251
2671 2251
2672 2253
2673 2251
2674 2253
2675 2253
2676 2253
2677 2255
2678 2253
2679 2255
2680 2251
2681 2257
2682 2251
2683 2253
2684 2253
2685 2253
2686 2251
2687 2251
2688 2249
2689 2253
2690 2245
2691 2253
2692 2245
2693 2251
2694 2245
2695 2251
2696 2245
2697 2249
2698 2249
2699 2251
2700 2247
2701 2247
2702 2247
2703 2247
2704 2246
2705 2245
2706 2241
2707 2247
2708 2242
2709 2245
2710 2241
2711 2243
2712 2239
2713 2239
2714 2239
2715 2234
2716 2241
2717 2235
2718 2243
2719 2233
2720 2239
2721 2235
2722 2235
2723 2235
2724 2235
2725 2237
2726 2237
2727 2239
2728 2239
2729 2239
2730 2235
2731 2239
2732 2235
2733 2239
2734 2233
2735 2239
2736 2232
2737 2233
2738 2233
2739 2236
2740 2233
2741 2231
2742 2230
2743 2229
2744 2227
2745 2231
2746 2225
2747 2224
2748 2227
2749 2221
2750 2229
2751 2225
2752 2227
2753 2223
2754 2231
2755 2227
2756 2232
2757 2225
2758 2226
2759 2225
2760 2221
2761 2223
2762 2217
2763 2219
2764 2220
2765 2219
2766 2219
2767 2219
2768 2221
2769 2217
2770 2223
2771 2213
2772 2221
2773 2211
2774 2217
2775 2215
2776 2213
2777 2215
2778 2213
2779 2213
2780 2217
2781 2211
2782 2213
2783 2213
2784 2207
2785 2213
2786 2209
2787 2213
2788 2207
2789 2211
2790 2207
2791 2209
2792 2209
2793 2209
2794 2211
2795 2208
2796 2215
2797 2205
2798 2209
2799 2209
2800 2205
2801 2203
2802 2205
2803 2207
2804 2203
2805 2205
2806 2205
2807 2205
2808 2203
2809 2204
2810 2209
2811 2203
2812 2203
2813 2205
2814 2203
2815 2207
2816 2199
2817 2206
2818 2199
2819 2205
2820 2203
2821 2209
2822 2205
2823 2206
2824 2205
2825 2209
2826 2202
2827 2207
2828 2201
2829 2197
2830 2203
2831 2200
2832 2201
2833 2199
2834 2199
2835 2201
2836 2197
2837 2200
2838 2189
2839 2195
2840 2193
2841 2195
2842 2193
2843 2203
2844 2197
2845 2195
2846 2197
2847 2189
2848 2195
2849 2183
2850 2191
2851 2181
2852 2183
2853 2179
2854 2173
2855 2186
2856 2185
2857 2181
2858 2187
2859 2183
2860 2183
2861 2181
2862 2187
2863 2177
2864 2184
2865 2177
2866 2185
2867 2183
2868 2177
2869 2181
2870 2185
2871 2181
2872 2181
2873 2172
2874 2181
2875 2175
2876 2181
2877 2177
2878 2179
2879 2175
2880 2181
2881 2175
2882 2175
2883 2176
2884 2181
2885 2179
2886 2181
2887 2175
2888 2179
2889 2175
2890 2177
2891 2173
2892 2177
2893 2171
2894 2175
2895 2167
2896 2183
2897 2166
2898 2179
2899 2159
2900 2175
2901 2169
2902 2169
2903 2171
2904 2165
2905 2165
2906 2169
2907 2168
2908 2165
2909 2179
2910 2165
2911 2177
2912 2165
2913 2171
2914 2167
2915 2165
2916 2167
2917 2163
2918 2168
2919 2156
2920 2157
2921 2157
2922 2155
2923 2161
2924 2161
2925 2155
2926 2157
2927 2149
2928 2153
2929 2157
2930 2153
2931 2147
2932 2151
2933 2147
2934 2155
2935 2151
2936 2151
2937 2157
2938 2149
2939 2157
2940 2155
2941 2153
2942 2155
2943 2157
2944 2153
2945 2149
2946 2145
2947 2153
2948 2147
2949 2158
2950 2153
2951 2159
2952 2151
2953 2149
2954 2141
2955 2139
2956 2149
2957 2153
2958 2151
2959 2143
2960 2147
2961 2145
2962 2145
2963 2151
2964 2139
2965 2141
2966 2140
2967 2133
2968 2147
2969 2145
2970 2140
2971 2135
2972 2135
2973 2143
2974 2143
2975 2137
2976 2141
2977 2135
2978 2133
2979 2125
2980 2125
2981 2129
2982 2119
2983 2129
2984 2129
2985 2127
2986 2133
2987 2127
2988 2131
2989 2121
2990 2133
2991 2127
2992 2135
2993 2131
2994 2135
2995 2132
2996 2133
2997 2123
2998 2126
2999 2127
3000 2125
3001 2123
3002 2119
3003 2119
3004 2115
3005 2125
3006 2121
3007 2119
3008 2119
3009 2113
3010 2111
3011 2117
3012 2117
3013 2123
3014 2121
3015 2121
3016 2123
3017 2119
3018 2123
3019 2121
3020 2121
3021 2121
3022 2124
3023 2119
3024 2113
3025 2119
3026 2111
3027 2109
3028 2111
3029 2119
3030 2104
3031 2107
3032 2113
3033 2107
3034 2107
3035 2099
3036 2111
3037 2104
3038 2117
3039 2107
3040 2113
3041 2108
3042 2109
3043 2107
3044 2103
3045 2097
3046 2107
3047 2101
3048 2101
3049 2103
3050 2109
3051 2103
3052 2107
3053 2107
3054 2101
3055 2100
3056 2105
3057 2093
3058 2101
3059 2095
3060 2099
3061 2105
3062 2095
3063 2107
3064 2097
3065 2095
3066 2087
3067 2095
3068 2095
3069 2091
3070 2099
3071 2081
3072 2098
3073 2083
3074 2087
3075 2095
3076 2097
3077 2086
3078 2089
3079 2083
3080 2079
3081 2087
3082 2083
3083 2087
3084 2079
3085 2081
3086 2075
3087 2079
3088 2083
3089 2076
3090 2089
3091 2081
3092 2077
3093 2077
3094 2077
3095 2063
3096 2071
3097 2075
3098 2069
3099 2072
3100 2065
3101 2067
3102 2079
3103 2072
3104 2071
3105 2081
3106 2071
3107 2071
3108 2071
3109 2065
3110 2077
3111 2059
3112 2067
3113 2055
3114 2071
3115 2061
3116 2067
3117 2054
3118 2061
3119 2061
3120 2063
3121 2065
3122 2059
3123 2059
3124 2059
3125 2070
3126 2067
3127 2059
3128 2069
3129 2049
3130 2057
3131 2050
3132 2053
3133 2053
3134 2045
3135 2053
3136 2043
3137 2051
3138 2053
3139 2063
3140 2053
3141 2055
3142 2045
3143 2050
3144 2060
3145 2059
3146 2047
3147 2047
3148 2050
3149 2057
3150 2057
3151 2047
3152 2055
3153 2042
3154 2041
3155 2049
3156 2032
3157 2037
3158 2045
3159 2045
3160 2045
3161 2037
3162 2044
3163 2025
3164 2029
3165 2041
3166 2032
3167 2041
3168 2029
3169 2033
3170 2023
3171 2041
3172 2027
3173 2032
3174 2019
3175 2031
3176 2043
3177 2025
3178 2027
3179 2031
3180 2023
3181 2023
3182 2025
3183 2019
3184 2027
3185 2013
3186 2019
3187 2019
3188 2022
3189 2021
3190 2023
3191 2011
3192 2031
3193 2021
3194 2011
3195 2007
3196 2023
3197 2005
3198 2008
3199 2003
3200 2007
3201 1999
3202 1999
3203 1993
3204 2012
3205 1993
3206 2009
3207 2005
3208 1997
3209 1989
3210 1987
3211 1993
3212 1999
3213 1993
3214 1987
3215 2009
3216 1991
3217 1997
3218 1981
3219 1995
3220 1989
3221 1989
3222 1985
3223 1985
3224 1977
3225 1979
3226 1981
3227 1985
3228 1980
3229 1995
3230 1979
3231 1987
3232 1974
3233 1976
3234 1977
3235 1979
3236 1975
3237 1967
3238 1973
3239 1973
3240 1964
3241 1989
3242 1972
3243 1973
3244 1985
3245 1957
3246 1963
3247 1971
3248 1975
3249 1959
3250 1961
3251 1963
3252 1963
3253 1959
3254 1961
3255 1961
3256 1959
3257 1963
3258 1951
3259 1955
3260 1950
3261 1955
3262 1959
3263 1965
3264 1957
3265 1945
3266 1953
3267 1951
3268 1957
3269 1953
3270 1953
3271 1943
3272 1945
3273 1941
3274 1947
3275 1933
3276 1945
3277 1943
3278 1943
3279 1935
3280 1939
3281 1943
3282 1947
3283 1933
3284 1943
3285 1946
3286 1933
3287 1933
3288 1927
3289 1930
3290 1939
3291 1925
3292 1931
3293 1923
3294 1923
3295 1935
3296 1939
3297 1921
3298 1919
3299 1920
3300 1912
3301 1925
3302 1925
3303 1922
3304 1917
3305 1911
3306 1921
3307 1917
3308 1907
3309 1919
3310 1921
3311 1909
3312 1909
3313 1915
3314 1919
3315 1917
3316 1915
3317 1901
3318 1911
3319 1917
3320 1899
3321 1909
3322 1895
3323 1901
3324 1907
3325 1916
3326 1909
3327 1907
3328 1897
3329 1899
3330 1901
3331 1893
3332 1907
3333 1893
3334 1891
3335 1899
3336 1893
3337 1893
3338 1877
3339 1905
3340 1895
3341 1885
3342 1887
3343 1885
3344 1885
3345 1897
3346 1887
3347 1883
3348 1897
3349 1887
3350 1873
3351 1877
3352 1875
3353 1877
3354 1867
3355 1879
3356 1867
3357 1871
3358 1871
3359 1877
3360 1875
3361 1872
3362 1880
3363 1869
3364 1865
3365 1867
3366 1861
3367 1869
3368 1865
3369 1855
3370 1865
3371 1879
3372 1865
3373 1848
3374 1857
3375 1865
3376 1853
3377 1870
3378 1859
3379 1869
3380 1857
3381 1841
3382 1851
3383 1839
3384 1855
3385 1847
3386 1855
3387 1849
3388 1849
3389 1847
3390 1849
3391 1845
3392 1856
3393 1853
3394 1825
3395 1846
3396 1837
3397 1849
3398 1841
3399 1845
3400 1835
3401 1823
3402 1849
3403 1833
3404 1835
3405 1833
3406 1839
3407 1831
3408 1835
3409 1831
3410 1825
3411 1833
3412 1831
3413 1817
3414 1825
3415 1815
3416 1829
3417 1821
3418 1833
3419 1827
3420 1821
3421 1825
3422 1819
3423 1821
3424 1809
3425 1811
3426 1817
3427 1813
3428 1805
3429 1816
3430 1817
3431 1807
3432 1813
3433 1799
3434 1807
3435 1799
3436 1795
3437 1805
3438 1816
3439 1805
3440 1797
3441 1797
3442 1809
3443 1798
3444 1779
3445 1787
3446 1787
3447 1792
3448 1791
3449 1797
3450 1789
3451 1781
3452 1793
3453 1791
3454 1785
3455 1785
3456 1779
3457 1783
3458 1783
3459 1787
3460 1781
3461 1777
3462 1789
3463 1783
3464 1792
3465 1777
3466 1769
3467 1795
3468 1789
3469 1769
3470 1781
3471 1769
3472 1785
3473 1771
3474 1777
3475 1753
3476 1771
3477 1773
3478 1767
3479 1757
3480 1775
3481 1777
3482 1757
3483 1773
3484 1749
3485 1763
3486 1765
3487 1761
3488 1754
3489 1759
3490 1767
3491 1747
3492 1747
3493 1753
3494 1743
3495 1747
3496 1751
3497 1739
3498 1747
3499 1743
3500 1745
3501 1731
3502 1737
3503 1737
3504 1737
3505 1755
3506 1747
3507 1739
3508 1737
3509 1738
3510 1739
3511 1751
3512 1735
3513 1719
3514 1739
3515 1719
3516 1729
3517 1719
3518 1715
3519 1717
3520 1713
3521 1723
3522 1715
3523 1719
3524 1723
3525 1725
3526 1712
3527 1715
3528 1719
3529 1717
3530 1711
3531 1711
3532 1699
3533 1707
3534 1703
3535 1697
3536 1711
3537 1719
3538 1693
3539 1709
3540 1703
3541 1699
3542 1689
3543 1691
3544 1691
3545 1701
3546 1695
3547 1695
3548 1705
3549 1675
3550 1689
3551 1685
3552 1689
3553 1697
3554 1681
3555 1667
3556 1683
3557 1695
3558 1673
3559 1691
3560 1667
3561 1675
3562 1675
3563 1663
3564 1679
3565 1681
3566 1667
3567 1675
3568 1671
3569 1671
3570 1663
3571 1669
3572 1669
3573 1659
3574 1665
3575 1673
3576 1657
3577 1663
3578 1665
3579 1661
3580 1665
3581 1661
3582 1663
3583 1649
3584 1651
3585 1661
3586 1665
3587 1665
3588 1651
3589 1641
3590 1645
3591 1643
3592 1639
3593 1645
3594 1641
3595 1643
3596 1645
3597 1643
3598 1651
3599 1637
3600 1637
3601 1645
3602 1649
3603 1641
3604 1623
3605 1627
3606 1641
3607 1617
3608 1631
3609 1621
3610 1619
3611 1623
3612 1631
3613 1613
3614 1616
3615 1637
3616 1613
3617 1609
3618 1623
3619 1621
3620 1617
3621 1606
3622 1605
3623 1617
3624 1601
3625 1613
3626 1613
3627 1619
3628 1603
3629 1611
3630 1601
3631 1605
3632 1601
3633 1601
3634 1601
3635 1599
3636 1607
3637 1605
3638 1599
3639 1591
3640 1599
3641 1603
3642 1587
3643 1591
3644 1597
3645 1591
3646 1601
3647 1591
3648 1591
3649 1595
3650 1585
3651 1589
3652 1587
3653 1577
3654 1589
3655 1575
3656 1583
3657 1575
3658 1579
3659 1571
3660 1579
3661 1581
3662 1561
3663 1575
3664 1579
3665 1577
3666 1573
3667 1563
3668 1561
3669 1561
3670 1561
3671 1555
3672 1543
3673 1553
3674 1569
3675 1559
3676 1563
3677 1567
3678 1561
3679 1557
3680 1569
3681 1561
3682 1549
3683 1549
3684 1545
3685 1543
3686 963
3687 1
3688 1
3689 1
3690 1
3691 1
3692 1
3693 1
3694 1
