#Data from the TCD1304 linear CCD
#column 1 = pixelnumber , column 2 = pixelvalue
#Pixel 1-32 and 3679-3694 and are dummy pixels
#SH-period: 200    ICG-period: 100000    Integration time: 100.0 us
2 4091
3 4089
4 4095
5 4095
6 4095
7 4095
8 4095
9 4095
10 4095
11 4095
12 4095
13 4095
14 4095
15 4095
16 4095
17 4095
18 4095
19 4095
20 4095
21 4095
22 4095
23 4095
24 4095
25 4095
26 4095
27 4095
28 4095
29 4095
30 4095
31 4095
32 2875
34 1796
35 1782
36 1779
37 1786
38 1774
39 1773
40 1765
41 1756
42 1755
43 1753
44 1749
45 1751
46 1751
47 1759
48 1759
49 1761
50 1759
51 1763
52 1767
53 1765
54 1763
55 1763
56 1759
57 1757
58 1754
59 1749
60 1747
61 1750
62 1747
63 1745
64 1753
65 1753
66 1747
67 1751
68 1751
69 1755
70 1753
71 1756
72 1755
73 1749
74 1758
75 1757
76 1754
77 1759
78 1765
79 1763
80 1761
81 1763
82 1765
83 1764
84 1767
85 1767
86 1767
87 1769
88 1767
89 1777
90 1775
91 1773
92 1781
93 1781
94 1780
95 1775
96 1780
97 1780
98 1777
99 1776
100 1775
101 1779
102 1779
103 1780
104 1776
105 1778
106 1779
107 1782
108 1779
109 1786
110 1785
111 1783
112 1781
113 1781
114 1783
115 1785
116 1783
117 1787
118 1779
119 1785
120 1787
121 1787
122 1787
123 1785
124 1789
125 1789
126 1797
127 1791
128 1796
129 1791
130 1789
131 1792
132 1798
133 1797
134 1800
135 1800
136 1801
137 1805
138 1804
139 1803
140 1805
141 1808
142 1804
143 1801
144 1805
145 1808
146 1811
147 1809
148 1811
149 1814
150 1811
151 1811
152 1809
153 1809
154 1815
155 1813
156 1817
157 1819
158 1813
159 1822
160 1819
161 1819
162 1825
163 1824
164 1825
165 1825
166 1829
167 1823
168 1831
169 1827
170 1828
171 1828
172 1829
173 1837
174 1827
175 1832
176 1832
177 1834
178 1829
179 1832
180 1825
181 1833
182 1839
183 1841
184 1837
185 1824
186 1847
187 1839
188 1841
189 1851
190 1839
191 1848
192 1843
193 1849
194 1851
195 1845
196 1857
197 1849
198 1848
199 1859
200 1856
201 1869
202 1867
203 1871
204 1880
205 1879
206 1869
207 1874
208 1885
209 1881
210 1885
211 1881
212 1886
213 1893
214 1897
215 1902
216 1913
217 1891
218 1899
219 1894
220 1901
221 1889
222 1917
223 1905
224 1913
225 1931
226 1933
227 1933
228 1928
229 1940
230 1915
231 1935
232 1939
233 1935
234 1951
235 1944
236 1955
237 1961
238 1960
239 1987
240 1993
241 2007
242 2007
243 2009
244 2015
245 2037
246 2049
247 2040
248 2050
249 2067
250 2061
251 2084
252 2081
253 2085
254 2099
255 2112
256 2137
257 2145
258 2156
259 2171
260 2185
261 2176
262 2198
263 2209
264 2205
265 2225
266 2249
267 2269
268 2288
269 2280
270 2277
271 2296
272 2317
273 2327
274 2347
275 2361
276 2377
277 2371
278 2371
279 2389
280 2387
281 2408
282 2424
283 2427
284 2441
285 2440
286 2456
287 2479
288 2497
289 2499
290 2503
291 2521
292 2535
293 2548
294 2566
295 2569
296 2593
297 2587
298 2601
299 2618
300 2620
301 2651
302 2635
303 2647
304 2668
305 2675
306 2672
307 2697
308 2689
309 2703
310 2727
311 2730
312 2729
313 2739
314 2743
315 2753
316 2755
317 2765
318 2771
319 2775
320 2791
321 2789
322 2801
323 2815
324 2821
325 2823
326 2825
327 2835
328 2845
329 2837
330 2845
331 2851
332 2849
333 2863
334 2885
335 2878
336 2883
337 2884
338 2883
339 2875
340 2895
341 2897
342 2895
343 2905
344 2899
345 2913
346 2911
347 2921
348 2915
349 2919
350 2923
351 2931
352 2929
353 2939
354 2943
355 2945
356 2945
357 2951
358 2953
359 2959
360 2963
361 2979
362 2979
363 2979
364 2975
365 2981
366 2989
367 2987
368 2997
369 3005
370 3002
371 2995
372 3002
373 2995
374 3013
375 3021
376 3022
377 3018
378 3021
379 3031
380 3033
381 3037
382 3031
383 3051
384 3043
385 3063
386 3059
387 3054
388 3055
389 3059
390 3063
391 3069
392 3065
393 3059
394 3061
395 3061
396 3069
397 3071
398 3077
399 3067
400 3067
401 3071
402 3083
403 3083
404 3091
405 3087
406 3083
407 3085
408 3095
409 3097
410 3097
411 3107
412 3105
413 3111
414 3119
415 3107
416 3107
417 3109
418 3115
419 3121
420 3117
421 3121
422 3128
423 3125
424 3127
425 3119
426 3140
427 3131
428 3131
429 3139
430 3137
431 3137
432 3143
433 3143
434 3145
435 3159
436 3151
437 3151
438 3161
439 3159
440 3161
441 3157
442 3169
443 3152
444 3169
445 3171
446 3171
447 3177
448 3167
449 3181
450 3181
451 3185
452 3181
453 3185
454 3189
455 3185
456 3185
457 3189
458 3187
459 3185
460 3200
461 3197
462 3201
463 3203
464 3201
465 3205
466 3201
467 3211
468 3209
469 3215
470 3213
471 3215
472 3203
473 3207
474 3215
475 3218
476 3221
477 3221
478 3219
479 3211
480 3219
481 3225
482 3221
483 3225
484 3219
485 3233
486 3227
487 3215
488 3221
489 3231
490 3225
491 3239
492 3229
493 3237
494 3229
495 3243
496 3243
497 3241
498 3243
499 3241
500 3237
501 3261
502 3243
503 3239
504 3243
505 3247
506 3249
507 3247
508 3253
509 3257
510 3248
511 3255
512 3253
513 3259
514 3257
515 3257
516 3243
517 3255
518 3247
519 3259
520 3261
521 3255
522 3255
523 3259
524 3253
525 3247
526 3257
527 3259
528 3249
529 3265
530 3267
531 3260
532 3253
533 3253
534 3265
535 3261
536 3261
537 3275
538 3263
539 3267
540 3261
541 3267
542 3263
543 3265
544 3265
545 3263
546 3251
547 3267
548 3265
549 3265
550 3273
551 3273
552 3257
553 3261
554 3267
555 3264
556 3287
557 3281
558 3273
559 3263
560 3267
561 3275
562 3272
563 3277
564 3265
565 3271
566 3271
567 3281
568 3269
569 3273
570 3273
571 3267
572 3275
573 3275
574 3271
575 3273
576 3279
577 3285
578 3273
579 3275
580 3269
581 3275
582 3281
583 3282
584 3273
585 3283
586 3275
587 3279
588 3271
589 3281
590 3277
591 3275
592 3277
593 3277
594 3281
595 3283
596 3283
597 3286
598 3285
599 3281
600 3285
601 3289
602 3277
603 3275
604 3285
605 3275
606 3289
607 3283
608 3290
609 3287
610 3279
611 3273
612 3285
613 3279
614 3287
615 3285
616 3279
617 3281
618 3287
619 3286
620 3295
621 3281
622 3286
623 3283
624 3283
625 3293
626 3287
627 3285
628 3285
629 3285
630 3293
631 3291
632 3294
633 3281
634 3285
635 3291
636 3290
637 3283
638 3287
639 3291
640 3293
641 3283
642 3299
643 3295
644 3293
645 3291
646 3289
647 3291
648 3285
649 3291
650 3291
651 3287
652 3285
653 3291
654 3295
655 3289
656 3293
657 3293
658 3295
659 3291
660 3301
661 3291
662 3281
663 3297
664 3299
665 3291
666 3301
667 3293
668 3289
669 3295
670 3297
671 3299
672 3293
673 3295
674 3290
675 3295
676 3285
677 3295
678 3287
679 3299
680 3289
681 3289
682 3299
683 3297
684 3291
685 3289
686 3297
687 3287
688 3294
689 3291
690 3295
691 3297
692 3303
693 3303
694 3297
695 3303
696 3293
697 3303
698 3295
699 3289
700 3295
701 3307
702 3300
703 3303
704 3299
705 3289
706 3303
707 3303
708 3293
709 3299
710 3285
711 3297
712 3299
713 3298
714 3297
715 3299
716 3296
717 3303
718 3301
719 3289
720 3291
721 3301
722 3283
723 3296
724 3297
725 3297
726 3295
727 3295
728 3291
729 3291
730 3293
731 3295
732 3303
733 3297
734 3301
735 3305
736 3293
737 3296
738 3297
739 3299
740 3305
741 3303
742 3291
743 3305
744 3298
745 3299
746 3301
747 3301
748 3305
749 3293
750 3297
751 3291
752 3287
753 3305
754 3289
755 3297
756 3295
757 3289
758 3291
759 3299
760 3287
761 3300
762 3285
763 3289
764 3289
765 3305
766 3287
767 3297
768 3293
769 3297
770 3295
771 3299
772 3279
773 3289
774 3297
775 3293
776 3299
777 3287
778 3295
779 3288
780 3295
781 3291
782 3288
783 3291
784 3283
785 3289
786 3295
787 3291
788 3277
789 3291
790 3287
791 3285
792 3279
793 3285
794 3293
795 3285
796 3287
797 3287
798 3281
799 3289
800 3285
801 3285
802 3287
803 3283
804 3281
805 3289
806 3287
807 3281
808 3273
809 3283
810 3285
811 3289
812 3291
813 3285
814 3279
815 3271
816 3277
817 3285
818 3273
819 3273
820 3271
821 3264
822 3265
823 3265
824 3257
825 3271
826 3267
827 3265
828 3275
829 3271
830 3277
831 3283
832 3267
833 3267
834 3265
835 3268
836 3259
837 3279
838 3269
839 3265
840 3265
841 3271
842 3271
843 3279
844 3269
845 3265
846 3261
847 3263
848 3257
849 3270
850 3261
851 3265
852 3265
853 3253
854 3265
855 3269
856 3259
857 3259
858 3263
859 3265
860 3267
861 3259
862 3253
863 3251
864 3251
865 3253
866 3241
867 3241
868 3253
869 3251
870 3249
871 3241
872 3253
873 3253
874 3251
875 3247
876 3241
877 3247
878 3241
879 3251
880 3235
881 3227
882 3237
883 3237
884 3233
885 3231
886 3233
887 3233
888 3233
889 3235
890 3229
891 3237
892 3223
893 3229
894 3229
895 3221
896 3227
897 3217
898 3215
899 3227
900 3215
901 3221
902 3225
903 3217
904 3215
905 3205
906 3223
907 3225
908 3219
909 3217
910 3217
911 3213
912 3205
913 3213
914 3215
915 3211
916 3217
917 3211
918 3205
919 3209
920 3205
921 3209
922 3208
923 3203
924 3203
925 3203
926 3205
927 3207
928 3205
929 3195
930 3201
931 3207
932 3193
933 3201
934 3205
935 3209
936 3194
937 3203
938 3201
939 3199
940 3199
941 3209
942 3199
943 3201
944 3200
945 3195
946 3205
947 3203
948 3197
949 3201
950 3203
951 3203
952 3201
953 3197
954 3184
955 3193
956 3181
957 3187
958 3197
959 3189
960 3171
961 3180
962 3175
963 3173
964 3177
965 3175
966 3175
967 3177
968 3159
969 3162
970 3157
971 3159
972 3157
973 3153
974 3161
975 3155
976 3145
977 3151
978 3155
979 3150
980 3153
981 3145
982 3140
983 3147
984 3127
985 3143
986 3139
987 3137
988 3147
989 3125
990 3131
991 3145
992 3127
993 3133
994 3137
995 3123
996 3129
997 3121
998 3121
999 3117
1000 3119
1001 3127
1002 3111
1003 3113
1004 3123
1005 3121
1006 3119
1007 3111
1008 3105
1009 3109
1010 3118
1011 3107
1012 3097
1013 3093
1014 3097
1015 3105
1016 3097
1017 3096
1018 3101
1019 3113
1020 3104
1021 3091
1022 3089
1023 3105
1024 3095
1025 3097
1026 3107
1027 3096
1028 3089
1029 3101
1030 3109
1031 3101
1032 3103
1033 3111
1034 3113
1035 3108
1036 3113
1037 3119
1038 3117
1039 3125
1040 3115
1041 3115
1042 3129
1043 3121
1044 3113
1045 3115
1046 3115
1047 3125
1048 3121
1049 3117
1050 3113
1051 3119
1052 3113
1053 3121
1054 3109
1055 3107
1056 3103
1057 3101
1058 3089
1059 3102
1060 3099
1061 3097
1062 3091
1063 3091
1064 3093
1065 3071
1066 3081
1067 3085
1068 3071
1069 3081
1070 3079
1071 3071
1072 3071
1073 3067
1074 3071
1075 3069
1076 3079
1077 3059
1078 3059
1079 3067
1080 3065
1081 3053
1082 3059
1083 3059
1084 3059
1085 3045
1086 3053
1087 3047
1088 3063
1089 3047
1090 3044
1091 3055
1092 3055
1093 3049
1094 3043
1095 3049
1096 3043
1097 3057
1098 3045
1099 3037
1100 3031
1101 3037
1102 3033
1103 3027
1104 3039
1105 3027
1106 3037
1107 3029
1108 3023
1109 3031
1110 3023
1111 3033
1112 3015
1113 3025
1114 3031
1115 3027
1116 3027
1117 3035
1118 3029
1119 3031
1120 3035
1121 3035
1122 3029
1123 3029
1124 3023
1125 3028
1126 3029
1127 3037
1128 3031
1129 3027
1130 3028
1131 3019
1132 3021
1133 3039
1134 3031
1135 3023
1136 3019
1137 3031
1138 3029
1139 3033
1140 3025
1141 3041
1142 3029
1143 3021
1144 3023
1145 3025
1146 3041
1147 3023
1148 3023
1149 3033
1150 3031
1151 3031
1152 3029
1153 3031
1154 3021
1155 3031
1156 3031
1157 3021
1158 3023
1159 3013
1160 3017
1161 3023
1162 3003
1163 2999
1164 2995
1165 2999
1166 2991
1167 3001
1168 2999
1169 2999
1170 2999
1171 3001
1172 2996
1173 2989
1174 2999
1175 2987
1176 2993
1177 2989
1178 2977
1179 2986
1180 2995
1181 2989
1182 2991
1183 2979
1184 2991
1185 2984
1186 2979
1187 2981
1188 2967
1189 2970
1190 2969
1191 2975
1192 2978
1193 2977
1194 2977
1195 2977
1196 2971
1197 2977
1198 2977
1199 2983
1200 2975
1201 2983
1202 2971
1203 2977
1204 2969
1205 2983
1206 2975
1207 2976
1208 2989
1209 2977
1210 2973
1211 2973
1212 2973
1213 2962
1214 2976
1215 2973
1216 2977
1217 2972
1218 2973
1219 2977
1220 2971
1221 2969
1222 2971
1223 2975
1224 2971
1225 2965
1226 2975
1227 2973
1228 2962
1229 2967
1230 2961
1231 2961
1232 2975
1233 2971
1234 2972
1235 2963
1236 2973
1237 2961
1238 2967
1239 2979
1240 2967
1241 2969
1242 2973
1243 2969
1244 2967
1245 2967
1246 2969
1247 2977
1248 2963
1249 2967
1250 2979
1251 2977
1252 2965
1253 2977
1254 2977
1255 2981
1256 2965
1257 2969
1258 2966
1259 2961
1260 2957
1261 2965
1262 2964
1263 2971
1264 2971
1265 2973
1266 2969
1267 2967
1268 2976
1269 2965
1270 2973
1271 2973
1272 2981
1273 2979
1274 2979
1275 2969
1276 2987
1277 2989
1278 2979
1279 2989
1280 2987
1281 2977
1282 2987
1283 2989
1284 2991
1285 2979
1286 2983
1287 2991
1288 2991
1289 2997
1290 2989
1291 2989
1292 2989
1293 2995
1294 2995
1295 2981
1296 2993
1297 2991
1298 2995
1299 2993
1300 2991
1301 3005
1302 2989
1303 2987
1304 2995
1305 2985
1306 2987
1307 2991
1308 2991
1309 2981
1310 2991
1311 2977
1312 2979
1313 2987
1314 2975
1315 2985
1316 2989
1317 2985
1318 3001
1319 2991
1320 2987
1321 2989
1322 2991
1323 2995
1324 2999
1325 2993
1326 2997
1327 2997
1328 3001
1329 3011
1330 2995
1331 2995
1332 2993
1333 3007
1334 3007
1335 3000
1336 3005
1337 3005
1338 3005
1339 3014
1340 3005
1341 3013
1342 3011
1343 2989
1344 2995
1345 2987
1346 3005
1347 2993
1348 3015
1349 2991
1350 3005
1351 2993
1352 2997
1353 2997
1354 3001
1355 3005
1356 2988
1357 3001
1358 3011
1359 3005
1360 3003
1361 2995
1362 3003
1363 3011
1364 3005
1365 3009
1366 3013
1367 3009
1368 3015
1369 3011
1370 3011
1371 3029
1372 3013
1373 3017
1374 3024
1375 3009
1376 3017
1377 3017
1378 3016
1379 3017
1380 3011
1381 3015
1382 3011
1383 3007
1384 3023
1385 3021
1386 3023
1387 3013
1388 3019
1389 3015
1390 3021
1391 3025
1392 3021
1393 3027
1394 3027
1395 3011
1396 3023
1397 3025
1398 3035
1399 3015
1400 3033
1401 3035
1402 3017
1403 3029
1404 3025
1405 3033
1406 3029
1407 3029
1408 3015
1409 3029
1410 3013
1411 3029
1412 3032
1413 3025
1414 3037
1415 3033
1416 3039
1417 3027
1418 3021
1419 3025
1420 3038
1421 3021
1422 3035
1423 3024
1424 3027
1425 3037
1426 3049
1427 3037
1428 3039
1429 3041
1430 3035
1431 3039
1432 3037
1433 3037
1434 3047
1435 3041
1436 3043
1437 3031
1438 3035
1439 3047
1440 3031
1441 3045
1442 3041
1443 3045
1444 3046
1445 3053
1446 3043
1447 3049
1448 3051
1449 3049
1450 3047
1451 3049
1452 3037
1453 3045
1454 3049
1455 3045
1456 3041
1457 3037
1458 3037
1459 3047
1460 3032
1461 3039
1462 3046
1463 3041
1464 3045
1465 3033
1466 3027
1467 3039
1468 3045
1469 3039
1470 3037
1471 3041
1472 3047
1473 3050
1474 3057
1475 3045
1476 3043
1477 3047
1478 3053
1479 3048
1480 3049
1481 3055
1482 3047
1483 3061
1484 3063
1485 3067
1486 3055
1487 3043
1488 3051
1489 3059
1490 3051
1491 3037
1492 3049
1493 3051
1494 3049
1495 3053
1496 3048
1497 3049
1498 3041
1499 3051
1500 3052
1501 3061
1502 3055
1503 3061
1504 3055
1505 3053
1506 3051
1507 3052
1508 3053
1509 3055
1510 3057
1511 3059
1512 3059
1513 3047
1514 3063
1515 3051
1516 3051
1517 3055
1518 3047
1519 3059
1520 3057
1521 3058
1522 3054
1523 3059
1524 3053
1525 3063
1526 3055
1527 3061
1528 3052
1529 3061
1530 3067
1531 3052
1532 3055
1533 3061
1534 3063
1535 3061
1536 3061
1537 3063
1538 3071
1539 3067
1540 3071
1541 3063
1542 3067
1543 3062
1544 3067
1545 3069
1546 3071
1547 3067
1548 3063
1549 3065
1550 3065
1551 3071
1552 3067
1553 3051
1554 3063
1555 3061
1556 3058
1557 3065
1558 3069
1559 3061
1560 3067
1561 3063
1562 3067
1563 3063
1564 3071
1565 3061
1566 3061
1567 3063
1568 3053
1569 3069
1570 3070
1571 3078
1572 3079
1573 3071
1574 3069
1575 3069
1576 3071
1577 3087
1578 3077
1579 3077
1580 3077
1581 3076
1582 3071
1583 3081
1584 3079
1585 3071
1586 3067
1587 3071
1588 3071
1589 3081
1590 3061
1591 3065
1592 3069
1593 3071
1594 3071
1595 3077
1596 3071
1597 3067
1598 3077
1599 3069
1600 3059
1601 3059
1602 3069
1603 3067
1604 3071
1605 3065
1606 3063
1607 3079
1608 3071
1609 3077
1610 3085
1611 3067
1612 3083
1613 3071
1614 3071
1615 3077
1616 3071
1617 3093
1618 3071
1619 3085
1620 3087
1621 3079
1622 3089
1623 3071
1624 3071
1625 3093
1626 3085
1627 3083
1628 3083
1629 3085
1630 3069
1631 3071
1632 3087
1633 3083
1634 3087
1635 3083
1636 3081
1637 3084
1638 3081
1639 3077
1640 3079
1641 3077
1642 3088
1643 3092
1644 3081
1645 3071
1646 3079
1647 3069
1648 3083
1649 3079
1650 3095
1651 3071
1652 3085
1653 3089
1654 3071
1655 3071
1656 3069
1657 3087
1658 3085
1659 3081
1660 3081
1661 3066
1662 3085
1663 3083
1664 3079
1665 3079
1666 3089
1667 3091
1668 3071
1669 3091
1670 3085
1671 3091
1672 3083
1673 3085
1674 3079
1675 3087
1676 3083
1677 3085
1678 3095
1679 3097
1680 3097
1681 3107
1682 3099
1683 3109
1684 3101
1685 3106
1686 3115
1687 3105
1688 3113
1689 3113
1690 3119
1691 3109
1692 3109
1693 3127
1694 3109
1695 3107
1696 3125
1697 3127
1698 3099
1699 3105
1700 3105
1701 3111
1702 3101
1703 3099
1704 3101
1705 3097
1706 3089
1707 3097
1708 3087
1709 3085
1710 3091
1711 3085
1712 3097
1713 3101
1714 3088
1715 3085
1716 3093
1717 3081
1718 3087
1719 3093
1720 3083
1721 3089
1722 3091
1723 3091
1724 3085
1725 3079
1726 3085
1727 3080
1728 3085
1729 3079
1730 3085
1731 3084
1732 3081
1733 3079
1734 3083
1735 3087
1736 3083
1737 3085
1738 3083
1739 3091
1740 3089
1741 3087
1742 3089
1743 3085
1744 3081
1745 3079
1746 3081
1747 3071
1748 3080
1749 3083
1750 3091
1751 3087
1752 3079
1753 3091
1754 3089
1755 3089
1756 3081
1757 3081
1758 3089
1759 3083
1760 3091
1761 3087
1762 3085
1763 3085
1764 3089
1765 3087
1766 3083
1767 3091
1768 3087
1769 3097
1770 3077
1771 3093
1772 3071
1773 3081
1774 3085
1775 3083
1776 3095
1777 3099
1778 3083
1779 3087
1780 3097
1781 3097
1782 3087
1783 3095
1784 3083
1785 3093
1786 3089
1787 3097
1788 3093
1789 3103
1790 3091
1791 3093
1792 3087
1793 3087
1794 3097
1795 3085
1796 3089
1797 3077
1798 3093
1799 3083
1800 3085
1801 3095
1802 3091
1803 3085
1804 3087
1805 3089
1806 3093
1807 3089
1808 3089
1809 3085
1810 3091
1811 3089
1812 3088
1813 3091
1814 3089
1815 3081
1816 3089
1817 3087
1818 3089
1819 3095
1820 3087
1821 3097
1822 3097
1823 3088
1824 3085
1825 3083
1826 3090
1827 3099
1828 3089
1829 3091
1830 3077
1831 3089
1832 3087
1833 3095
1834 3095
1835 3093
1836 3101
1837 3091
1838 3091
1839 3095
1840 3087
1841 3089
1842 3101
1843 3101
1844 3091
1845 3091
1846 3093
1847 3097
1848 3105
1849 3089
1850 3094
1851 3105
1852 3088
1853 3099
1854 3087
1855 3089
1856 3071
1857 3080
1858 3087
1859 3071
1860 3081
1861 3077
1862 3071
1863 3069
1864 3083
1865 3071
1866 3063
1867 3079
1868 3071
1869 3077
1870 3071
1871 3089
1872 3068
1873 3085
1874 3071
1875 3071
1876 3085
1877 3085
1878 3087
1879 3085
1880 3081
1881 3081
1882 3089
1883 3077
1884 3085
1885 3079
1886 3079
1887 3077
1888 3083
1889 3091
1890 3089
1891 3071
1892 3077
1893 3083
1894 3077
1895 3071
1896 3083
1897 3089
1898 3081
1899 3090
1900 3071
1901 3081
1902 3085
1903 3083
1904 3071
1905 3091
1906 3096
1907 3085
1908 3071
1909 3081
1910 3095
1911 3069
1912 3071
1913 3083
1914 3089
1915 3083
1916 3071
1917 3081
1918 3089
1919 3081
1920 3071
1921 3079
1922 3071
1923 3077
1924 3091
1925 3077
1926 3081
1927 3095
1928 3087
1929 3083
1930 3093
1931 3081
1932 3087
1933 3087
1934 3085
1935 3083
1936 3079
1937 3085
1938 3083
1939 3083
1940 3083
1941 3085
1942 3085
1943 3081
1944 3071
1945 3080
1946 3083
1947 3077
1948 3071
1949 3083
1950 3081
1951 3081
1952 3079
1953 3079
1954 3071
1955 3085
1956 3083
1957 3087
1958 3081
1959 3093
1960 3085
1961 3097
1962 3069
1963 3077
1964 3091
1965 3093
1966 3095
1967 3089
1968 3089
1969 3071
1970 3071
1971 3081
1972 3079
1973 3091
1974 3089
1975 3085
1976 3091
1977 3091
1978 3093
1979 3081
1980 3089
1981 3095
1982 3089
1983 3089
1984 3085
1985 3079
1986 3083
1987 3089
1988 3071
1989 3089
1990 3085
1991 3090
1992 3083
1993 3093
1994 3087
1995 3093
1996 3067
1997 3080
1998 3071
1999 3077
2000 3079
2001 3071
2002 3071
2003 3067
2004 3067
2005 3071
2006 3071
2007 3084
2008 3063
2009 3069
2010 3077
2011 3071
2012 3065
2013 3071
2014 3063
2015 3071
2016 3077
2017 3071
2018 3070
2019 3081
2020 3071
2021 3077
2022 3069
2023 3071
2024 3071
2025 3077
2026 3083
2027 3065
2028 3085
2029 3076
2030 3083
2031 3071
2032 3067
2033 3077
2034 3077
2035 3080
2036 3071
2037 3081
2038 3071
2039 3071
2040 3079
2041 3077
2042 3077
2043 3085
2044 3091
2045 3077
2046 3071
2047 3071
2048 3081
2049 3081
2050 3081
2051 3091
2052 3071
2053 3071
2054 3085
2055 3081
2056 3079
2057 3077
2058 3077
2059 3083
2060 3085
2061 3087
2062 3081
2063 3080
2064 3087
2065 3087
2066 3083
2067 3087
2068 3081
2069 3081
2070 3071
2071 3082
2072 3081
2073 3071
2074 3071
2075 3071
2076 3065
2077 3077
2078 3071
2079 3063
2080 3065
2081 3071
2082 3055
2083 3077
2084 3071
2085 3071
2086 3071
2087 3065
2088 3066
2089 3071
2090 3055
2091 3069
2092 3071
2093 3066
2094 3067
2095 3069
2096 3069
2097 3077
2098 3061
2099 3059
2100 3071
2101 3077
2102 3067
2103 3063
2104 3067
2105 3069
2106 3065
2107 3071
2108 3071
2109 3071
2110 3081
2111 3071
2112 3069
2113 3071
2114 3069
2115 3071
2116 3069
2117 3065
2118 3061
2119 3071
2120 3063
2121 3061
2122 3055
2123 3063
2124 3063
2125 3071
2126 3067
2127 3071
2128 3067
2129 3063
2130 3068
2131 3065
2132 3061
2133 3071
2134 3065
2135 3063
2136 3057
2137 3071
2138 3069
2139 3063
2140 3057
2141 3061
2142 3077
2143 3065
2144 3059
2145 3069
2146 3065
2147 3065
2148 3071
2149 3059
2150 3071
2151 3071
2152 3059
2153 3061
2154 3061
2155 3063
2156 3067
2157 3041
2158 3059
2159 3063
2160 3057
2161 3056
2162 3053
2163 3057
2164 3063
2165 3063
2166 3055
2167 3055
2168 3049
2169 3069
2170 3053
2171 3055
2172 3047
2173 3063
2174 3061
2175 3051
2176 3057
2177 3061
2178 3055
2179 3056
2180 3059
2181 3057
2182 3047
2183 3049
2184 3053
2185 3063
2186 3050
2187 3059
2188 3057
2189 3051
2190 3041
2191 3053
2192 3048
2193 3048
2194 3059
2195 3043
2196 3049
2197 3047
2198 3039
2199 3045
2200 3047
2201 3045
2202 3035
2203 3041
2204 3037
2205 3037
2206 3031
2207 3034
2208 3027
2209 3035
2210 3029
2211 3031
2212 3027
2213 3019
2214 3021
2215 3017
2216 3017
2217 3019
2218 3011
2219 3015
2220 3013
2221 3015
2222 3009
2223 3009
2224 3009
2225 3017
2226 3003
2227 3001
2228 2997
2229 2999
2230 2987
2231 2991
2232 2986
2233 2989
2234 2985
2235 2978
2236 2979
2237 2977
2238 2995
2239 2977
2240 2969
2241 2965
2242 2962
2243 2961
2244 2955
2245 2953
2246 2958
2247 2961
2248 2951
2249 2957
2250 2941
2251 2955
2252 2943
2253 2941
2254 2945
2255 2943
2256 2928
2257 2939
2258 2935
2259 2933
2260 2931
2261 2925
2262 2921
2263 2918
2264 2917
2265 2921
2266 2913
2267 2901
2268 2903
2269 2901
2270 2901
2271 2889
2272 2897
2273 2877
2274 2869
2275 2875
2276 2869
2277 2873
2278 2862
2279 2871
2280 2869
2281 2864
2282 2847
2283 2865
2284 2839
2285 2849
2286 2841
2287 2848
2288 2832
2289 2827
2290 2817
2291 2829
2292 2823
2293 2811
2294 2812
2295 2801
2296 2787
2297 2809
2298 2799
2299 2799
2300 2800
2301 2777
2302 2793
2303 2793
2304 2789
2305 2774
2306 2771
2307 2777
2308 2765
2309 2763
2310 2779
2311 2775
2312 2766
2313 2762
2314 2749
2315 2757
2316 2755
2317 2741
2318 2749
2319 2747
2320 2759
2321 2755
2322 2737
2323 2741
2324 2741
2325 2733
2326 2724
2327 2739
2328 2733
2329 2731
2330 2723
2331 2719
2332 2723
2333 2709
2334 2709
2335 2713
2336 2713
2337 2709
2338 2719
2339 2705
2340 2701
2341 2695
2342 2705
2343 2706
2344 2689
2345 2703
2346 2687
2347 2699
2348 2693
2349 2681
2350 2682
2351 2686
2352 2669
2353 2681
2354 2683
2355 2678
2356 2673
2357 2677
2358 2661
2359 2675
2360 2663
2361 2680
2362 2664
2363 2667
2364 2662
2365 2656
2366 2649
2367 2659
2368 2646
2369 2649
2370 2637
2371 2647
2372 2637
2373 2639
2374 2653
2375 2629
2376 2648
2377 2622
2378 2633
2379 2612
2380 2629
2381 2625
2382 2633
2383 2619
2384 2617
2385 2619
2386 2611
2387 2605
2388 2616
2389 2597
2390 2617
2391 2611
2392 2605
2393 2603
2394 2603
2395 2605
2396 2591
2397 2585
2398 2597
2399 2595
2400 2597
2401 2571
2402 2581
2403 2572
2404 2592
2405 2571
2406 2581
2407 2579
2408 2577
2409 2565
2410 2576
2411 2563
2412 2567
2413 2575
2414 2553
2415 2563
2416 2551
2417 2555
2418 2554
2419 2547
2420 2545
2421 2545
2422 2529
2423 2537
2424 2535
2425 2527
2426 2533
2427 2533
2428 2521
2429 2525
2430 2529
2431 2526
2432 2519
2433 2521
2434 2515
2435 2511
2436 2503
2437 2509
2438 2510
2439 2511
2440 2505
2441 2504
2442 2489
2443 2494
2444 2495
2445 2496
2446 2490
2447 2483
2448 2476
2449 2483
2450 2481
2451 2497
2452 2474
2453 2479
2454 2469
2455 2465
2456 2449
2457 2467
2458 2455
2459 2462
2460 2445
2461 2443
2462 2457
2463 2429
2464 2429
2465 2433
2466 2433
2467 2430
2468 2415
2469 2417
2470 2393
2471 2403
2472 2407
2473 2396
2474 2384
2475 2381
2476 2371
2477 2372
2478 2363
2479 2345
2480 2348
2481 2337
2482 2320
2483 2324
2484 2293
2485 2307
2486 2291
2487 2279
2488 2273
2489 2261
2490 2265
2491 2244
2492 2248
2493 2235
2494 2224
2495 2205
2496 2195
2497 2180
2498 2185
2499 2167
2500 2159
2501 2147
2502 2132
2503 2130
2504 2115
2505 2107
2506 2093
2507 2082
2508 2078
2509 2075
2510 2073
2511 2051
2512 2056
2513 2025
2514 2031
2515 2023
2516 2004
2517 2009
2518 1993
2519 1987
2520 1975
2521 1967
2522 1962
2523 1957
2524 1950
2525 1939
2526 1937
2527 1927
2528 1919
2529 1915
2530 1913
2531 1901
2532 1895
2533 1885
2534 1885
2535 1877
2536 1871
2537 1865
2538 1862
2539 1857
2540 1851
2541 1847
2542 1845
2543 1841
2544 1837
2545 1831
2546 1831
2547 1824
2548 1825
2549 1820
2550 1816
2551 1813
2552 1813
2553 1805
2554 1805
2555 1801
2556 1800
2557 1793
2558 1793
2559 1789
2560 1789
2561 1785
2562 1784
2563 1779
2564 1781
2565 1780
2566 1779
2567 1776
2568 1774
2569 1775
2570 1773
2571 1768
2572 1771
2573 1766
2574 1765
2575 1764
2576 1765
2577 1761
2578 1761
2579 1761
2580 1761
2581 1756
2582 1757
2583 1750
2584 1756
2585 1751
2586 1753
2587 1750
2588 1751
2589 1750
2590 1749
2591 1747
2592 1747
2593 1746
2594 1746
2595 1743
2596 1744
2597 1741
2598 1743
2599 1741
2600 1743
2601 1739
2602 1740
2603 1738
2604 1741
2605 1736
2606 1737
2607 1733
2608 1738
2609 1733
2610 1735
2611 1733
2612 1733
2613 1730
2614 1733
2615 1730
2616 1733
2617 1731
2618 1732
2619 1729
2620 1731
2621 1727
2622 1731
2623 1727
2624 1727
2625 1725
2626 1727
2627 1725
2628 1727
2629 1723
2630 1724
2631 1722
2632 1727
2633 1723
2634 1723
2635 1723
2636 1727
2637 1723
2638 1721
2639 1721
2640 1723
2641 1719
2642 1721
2643 1720
2644 1721
2645 1717
2646 1717
2647 1717
2648 1719
2649 1716
2650 1721
2651 1717
2652 1717
2653 1717
2654 1720
2655 1715
2656 1715
2657 1715
2658 1716
2659 1713
2660 1715
2661 1715
2662 1715
2663 1711
2664 1717
2665 1711
2666 1713
2667 1711
2668 1713
2669 1710
2670 1711
2671 1712
2672 1713
2673 1710
2674 1710
2675 1708
2676 1711
2677 1709
2678 1709
2679 1709
2680 1710
2681 1709
2682 1712
2683 1708
2684 1709
2685 1707
2686 1711
2687 1707
2688 1707
2689 1709
2690 1707
2691 1703
2692 1706
2693 1704
2694 1706
2695 1704
2696 1706
2697 1704
2698 1705
2699 1704
2700 1706
2701 1705
2702 1705
2703 1704
2704 1706
2705 1705
2706 1706
2707 1704
2708 1705
2709 1703
2710 1703
2711 1703
2712 1705
2713 1701
2714 1705
2715 1702
2716 1702
2717 1701
2718 1703
2719 1700
2720 1703
2721 1701
2722 1701
2723 1699
2724 1701
2725 1699
2726 1701
2727 1699
2728 1701
2729 1700
2730 1702
2731 1701
2732 1700
2733 1701
2734 1701
2735 1699
2736 1700
2737 1699
2738 1698
2739 1698
2740 1698
2741 1697
2742 1697
2743 1697
2744 1700
2745 1697
2746 1698
2747 1695
2748 1698
2749 1695
2750 1697
2751 1699
2752 1697
2753 1696
2754 1697
2755 1695
2756 1697
2757 1695
2758 1697
2759 1695
2760 1696
2761 1695
2762 1699
2763 1693
2764 1697
2765 1697
2766 1695
2767 1693
2768 1695
2769 1693
2770 1695
2771 1693
2772 1695
2773 1694
2774 1694
2775 1693
2776 1696
2777 1693
2778 1693
2779 1693
2780 1694
2781 1692
2782 1692
2783 1699
2784 1694
2785 1691
2786 1691
2787 1691
2788 1691
2789 1693
2790 1693
2791 1691
2792 1692
2793 1691
2794 1692
2795 1691
2796 1691
2797 1692
2798 1692
2799 1691
2800 1693
2801 1691
2802 1691
2803 1689
2804 1693
2805 1689
2806 1689
2807 1689
2808 1691
2809 1689
2810 1691
2811 1691
2812 1690
2813 1687
2814 1691
2815 1689
2816 1689
2817 1689
2818 1691
2819 1688
2820 1689
2821 1687
2822 1691
2823 1687
2824 1688
2825 1687
2826 1690
2827 1687
2828 1689
2829 1687
2830 1689
2831 1687
2832 1688
2833 1685
2834 1689
2835 1686
2836 1687
2837 1686
2838 1687
2839 1690
2840 1689
2841 1687
2842 1688
2843 1688
2844 1688
2845 1685
2846 1689
2847 1686
2848 1686
2849 1685
2850 1688
2851 1685
2852 1686
2853 1685
2854 1686
2855 1684
2856 1686
2857 1684
2858 1686
2859 1685
2860 1685
2861 1685
2862 1687
2863 1683
2864 1687
2865 1684
2866 1685
2867 1685
2868 1688
2869 1683
2870 1685
2871 1686
2872 1684
2873 1682
2874 1685
2875 1683
2876 1684
2877 1683
2878 1683
2879 1684
2880 1683
2881 1684
2882 1685
2883 1683
2884 1684
2885 1683
2886 1683
2887 1682
2888 1683
2889 1685
2890 1683
2891 1682
2892 1685
2893 1683
2894 1684
2895 1683
2896 1684
2897 1681
2898 1683
2899 1681
2900 1682
2901 1682
2902 1681
2903 1681
2904 1681
2905 1683
2906 1683
2907 1683
2908 1684
2909 1682
2910 1685
2911 1680
2912 1681
2913 1679
2914 1684
2915 1680
2916 1681
2917 1680
2918 1681
2919 1679
2920 1681
2921 1681
2922 1681
2923 1681
2924 1681
2925 1678
2926 1681
2927 1680
2928 1682
2929 1681
2930 1682
2931 1680
2932 1682
2933 1679
2934 1680
2935 1679
2936 1681
2937 1679
2938 1679
2939 1681
2940 1681
2941 1679
2942 1680
2943 1678
2944 1680
2945 1679
2946 1679
2947 1677
2948 1680
2949 1677
2950 1677
2951 1680
2952 1680
2953 1678
2954 1681
2955 1679
2956 1679
2957 1679
2958 1681
2959 1678
2960 1679
2961 1677
2962 1679
2963 1677
2964 1679
2965 1677
2966 1680
2967 1677
2968 1677
2969 1679
2970 1678
2971 1677
2972 1679
2973 1677
2974 1677
2975 1677
2976 1681
2977 1677
2978 1676
2979 1677
2980 1677
2981 1676
2982 1678
2983 1677
2984 1676
2985 1675
2986 1677
2987 1676
2988 1676
2989 1677
2990 1679
2991 1674
2992 1677
2993 1677
2994 1679
2995 1676
2996 1679
2997 1675
2998 1676
2999 1675
3000 1676
3001 1677
3002 1675
3003 1675
3004 1677
3005 1675
3006 1675
3007 1675
3008 1675
3009 1673
3010 1676
3011 1676
3012 1677
3013 1672
3014 1676
3015 1675
3016 1675
3017 1675
3018 1677
3019 1675
3020 1676
3021 1673
3022 1677
3023 1675
3024 1675
3025 1673
3026 1676
3027 1673
3028 1675
3029 1675
3030 1677
3031 1673
3032 1674
3033 1675
3034 1675
3035 1674
3036 1675
3037 1674
3038 1673
3039 1673
3040 1676
3041 1673
3042 1675
3043 1673
3044 1673
3045 1673
3046 1674
3047 1674
3048 1675
3049 1673
3050 1675
3051 1674
3052 1675
3053 1674
3054 1674
3055 1673
3056 1675
3057 1673
3058 1673
3059 1671
3060 1675
3061 1672
3062 1673
3063 1673
3064 1675
3065 1673
3066 1673
3067 1675
3068 1673
3069 1672
3070 1673
3071 1674
3072 1673
3073 1673
3074 1673
3075 1672
3076 1674
3077 1673
3078 1673
3079 1671
3080 1672
3081 1671
3082 1672
3083 1673
3084 1673
3085 1671
3086 1673
3087 1673
3088 1671
3089 1671
3090 1673
3091 1672
3092 1673
3093 1671
3094 1671
3095 1671
3096 1671
3097 1670
3098 1671
3099 1671
3100 1672
3101 1673
3102 1673
3103 1671
3104 1673
3105 1671
3106 1671
3107 1671
3108 1672
3109 1670
3110 1672
3111 1670
3112 1671
3113 1670
3114 1671
3115 1669
3116 1671
3117 1669
3118 1670
3119 1671
3120 1671
3121 1669
3122 1673
3123 1669
3124 1670
3125 1669
3126 1671
3127 1669
3128 1671
3129 1671
3130 1671
3131 1670
3132 1670
3133 1673
3134 1670
3135 1669
3136 1672
3137 1669
3138 1669
3139 1669
3140 1669
3141 1669
3142 1669
3143 1669
3144 1671
3145 1670
3146 1669
3147 1671
3148 1670
3149 1669
3150 1671
3151 1670
3152 1669
3153 1667
3154 1669
3155 1668
3156 1669
3157 1667
3158 1671
3159 1668
3160 1670
3161 1668
3162 1669
3163 1667
3164 1669
3165 1670
3166 1669
3167 1668
3168 1669
3169 1669
3170 1670
3171 1668
3172 1669
3173 1667
3174 1668
3175 1669
3176 1670
3177 1669
3178 1669
3179 1669
3180 1669
3181 1667
3182 1669
3183 1668
3184 1669
3185 1668
3186 1671
3187 1667
3188 1667
3189 1667
3190 1668
3191 1667
3192 1667
3193 1667
3194 1669
3195 1667
3196 1667
3197 1668
3198 1667
3199 1668
3200 1670
3201 1669
3202 1669
3203 1667
3204 1669
3205 1668
3206 1667
3207 1668
3208 1669
3209 1667
3210 1667
3211 1669
3212 1668
3213 1666
3214 1668
3215 1665
3216 1667
3217 1666
3218 1669
3219 1667
3220 1667
3221 1667
3222 1668
3223 1667
3224 1667
3225 1668
3226 1667
3227 1665
3228 1666
3229 1665
3230 1667
3231 1666
3232 1669
3233 1666
3234 1667
3235 1665
3236 1667
3237 1665
3238 1667
3239 1668
3240 1667
3241 1665
3242 1668
3243 1665
3244 1666
3245 1664
3246 1669
3247 1665
3248 1667
3249 1665
3250 1666
3251 1665
3252 1667
3253 1665
3254 1666
3255 1665
3256 1665
3257 1665
3258 1666
3259 1665
3260 1665
3261 1665
3262 1667
3263 1665
3264 1665
3265 1664
3266 1666
3267 1665
3268 1667
3269 1665
3270 1667
3271 1665
3272 1667
3273 1666
3274 1665
3275 1665
3276 1666
3277 1665
3278 1668
3279 1665
3280 1665
3281 1665
3282 1665
3283 1665
3284 1665
3285 1663
3286 1665
3287 1665
3288 1667
3289 1665
3290 1663
3291 1665
3292 1666
3293 1665
3294 1665
3295 1667
3296 1666
3297 1664
3298 1665
3299 1664
3300 1663
3301 1667
3302 1666
3303 1664
3304 1665
3305 1664
3306 1666
3307 1663
3308 1666
3309 1664
3310 1665
3311 1663
3312 1667
3313 1662
3314 1665
3315 1663
3316 1663
3317 1663
3318 1665
3319 1663
3320 1664
3321 1664
3322 1665
3323 1665
3324 1665
3325 1667
3326 1667
3327 1664
3328 1665
3329 1665
3330 1665
3331 1663
3332 1664
3333 1665
3334 1663
3335 1663
3336 1664
3337 1664
3338 1662
3339 1663
3340 1665
3341 1662
3342 1663
3343 1663
3344 1664
3345 1662
3346 1665
3347 1663
3348 1663
3349 1663
3350 1664
3351 1663
3352 1663
3353 1661
3354 1664
3355 1662
3356 1663
3357 1663
3358 1663
3359 1665
3360 1664
3361 1663
3362 1663
3363 1661
3364 1665
3365 1662
3366 1665
3367 1662
3368 1663
3369 1662
3370 1665
3371 1661
3372 1665
3373 1662
3374 1662
3375 1661
3376 1664
3377 1660
3378 1663
3379 1661
3380 1661
3381 1662
3382 1662
3383 1662
3384 1662
3385 1664
3386 1664
3387 1662
3388 1663
3389 1663
3390 1663
3391 1662
3392 1663
3393 1661
3394 1661
3395 1661
3396 1662
3397 1661
3398 1665
3399 1663
3400 1664
3401 1665
3402 1663
3403 1661
3404 1662
3405 1663
3406 1663
3407 1661
3408 1663
3409 1661
3410 1661
3411 1660
3412 1661
3413 1659
3414 1663
3415 1661
3416 1661
3417 1665
3418 1663
3419 1661
3420 1661
3421 1662
3422 1663
3423 1661
3424 1663
3425 1660
3426 1661
3427 1661
3428 1663
3429 1660
3430 1661
3431 1661
3432 1663
3433 1660
3434 1663
3435 1661
3436 1662
3437 1661
3438 1662
3439 1661
3440 1661
3441 1662
3442 1662
3443 1660
3444 1662
3445 1659
3446 1661
3447 1662
3448 1663
3449 1661
3450 1660
3451 1661
3452 1661
3453 1659
3454 1661
3455 1661
3456 1661
3457 1661
3458 1663
3459 1661
3460 1663
3461 1660
3462 1660
3463 1659
3464 1661
3465 1659
3466 1661
3467 1659
3468 1660
3469 1663
3470 1662
3471 1660
3472 1661
3473 1659
3474 1661
3475 1660
3476 1664
3477 1660
3478 1661
3479 1661
3480 1661
3481 1659
3482 1662
3483 1660
3484 1661
3485 1660
3486 1663
3487 1660
3488 1659
3489 1661
3490 1662
3491 1661
3492 1661
3493 1659
3494 1660
3495 1658
3496 1662
3497 1661
3498 1661
3499 1659
3500 1662
3501 1661
3502 1659
3503 1660
3504 1660
3505 1658
3506 1659
3507 1657
3508 1659
3509 1657
3510 1659
3511 1658
3512 1659
3513 1659
3514 1665
3515 1659
3516 1660
3517 1660
3518 1660
3519 1659
3520 1660
3521 1659
3522 1659
3523 1659
3524 1660
3525 1659
3526 1661
3527 1660
3528 1660
3529 1659
3530 1658
3531 1659
3532 1659
3533 1659
3534 1659
3535 1657
3536 1659
3537 1657
3538 1659
3539 1661
3540 1660
3541 1657
3542 1659
3543 1659
3544 1659
3545 1657
3546 1660
3547 1659
3548 1660
3549 1657
3550 1662
3551 1659
3552 1659
3553 1659
3554 1659
3555 1657
3556 1659
3557 1659
3558 1657
3559 1657
3560 1661
3561 1659
3562 1658
3563 1657
3564 1660
3565 1659
3566 1657
3567 1659
3568 1659
3569 1658
3570 1659
3571 1658
3572 1659
3573 1657
3574 1658
3575 1659
3576 1659
3577 1657
3578 1660
3579 1657
3580 1658
3581 1659
3582 1659
3583 1658
3584 1659
3585 1658
3586 1658
3587 1657
3588 1657
3589 1658
3590 1658
3591 1657
3592 1659
3593 1657
3594 1658
3595 1657
3596 1659
3597 1657
3598 1659
3599 1658
3600 1658
3601 1655
3602 1658
3603 1657
3604 1657
3605 1657
3606 1657
3607 1657
3608 1657
3609 1657
3610 1657
3611 1658
3612 1657
3613 1658
3614 1659
3615 1656
3616 1659
3617 1659
3618 1656
3619 1657
3620 1659
3621 1657
3622 1657
3623 1657
3624 1660
3625 1656
3626 1659
3627 1657
3628 1658
3629 1656
3630 1659
3631 1658
3632 1657
3633 1655
3634 1657
3635 1656
3636 1657
3637 1657
3638 1656
3639 1657
3640 1657
3641 1656
3642 1659
3643 1657
3644 1657
3645 1658
3646 1658
3647 1656
3648 1657
3649 1657
3650 1657
3651 1657
3652 1657
3653 1657
3654 1656
3655 1657
3656 1656
3657 1655
3658 1657
3659 1656
3660 1658
3661 1657
3662 1657
3663 1655
3664 1659
3665 1657
3666 1657
3667 1655
3668 1657
3669 1656
3670 1657
3671 1656
3672 1657
3673 1656
3674 1658
3675 1657
3676 1659
3677 1656
3678 1658
3679 1657
3680 1657
3681 1657
3682 1658
3683 1655
3684 1656
3685 1655
3686 1657
3687 1656
3688 1657
3689 1657
3690 1657
3691 1655
3692 1661
3693 1657
3694 1657
